Cluster: 1
center's label: 1
stars's labels:
1 1 1 1 1 1 1 1 1 1 1 1 1 1 1 1 1 1 2 2 2 2 2 2 2 2 2 2 2 2 2 2 1 1 1 1 1 1 1 1 1 1 1 1 1 1 1 1 1 1 1 1 1 1 1 1 2 2 2 2 2 2 2 2 2 2 2 2 2 1 2 2 1 2 1 1 1 2 2 1 1 2 2 2 2 1 1 2 1 2 1 1 1 2 2 2 2 
stars's ID:
1181 1026 122 3618 2904 3895 1283 802 1467 769 789 1373 3218 3056 158 3650 3798 1235 1044 2772 1928 2595 3075 54 2675 2873 405 380 2199 2473 627 4030 1488 2221 2937 1187 2217 3321 3383 1630 2270 732 3256 785 2732 198 3706 2598 3519 473 2981 2769 2402 4214 763 4163 1740 3423 1273 2576 1287 3561 2315 2813 801 1154 3129 3962 3977 1936 2871 3623 4144 3289 2748 828 4204 703 1244 1253 1845 2795 1576 374 2991 3384 1946 4208 2105 3059 2440 1684 307 1776 3074 2498 4252 
Average Similarity: 0.00985543

Cluster: 2
center's label: 3
stars's labels:
3 3 3 3 3 3 3 3 3 3 3 3 3 3 3 3 3 3 3 3 3 3 3 3 3 3 3 3 3 3 3 3 3 3 3 3 3 3 3 3 3 3 3 3 3 3 3 3 3 3 3 3 3 3 3 3 3 3 3 
stars's ID:
1979 1621 2261 135 2397 2650 1371 3093 1144 1295 3923 2730 337 2884 3234 42 3233 1648 2167 3136 4111 3245 1463 2962 2994 3801 1236 1691 95 1346 3735 1424 980 1573 3161 3891 2872 2306 897 3060 2556 4169 3757 1982 169 316 2444 1766 3478 1156 2610 170 1335 736 2190 2616 2829 485 2089 
Average Similarity: 0.00968628

Cluster: 3
center's label: 2
stars's labels:
2 2 2 2 1 1 1 1 1 1 1 1 2 2 2 2 2 2 2 2 2 2 2 2 2 2 2 2 2 2 2 2 2 2 2 2 2 2 2 2 2 2 2 2 2 2 2 2 2 2 2 2 2 2 2 2 
stars's ID:
227 1444 3432 2057 1023 754 2891 2896 87 1912 1160 976 3785 2204 3360 2219 1332 1781 2972 3207 413 644 1555 4150 62 1232 2694 2677 3862 1059 450 2525 3938 1725 988 3309 3168 2888 780 2192 1893 521 2205 359 2516 4088 3088 1920 709 779 1881 851 720 3762 3150 459 
Average Similarity: 0.0111588

Cluster: 4
center's label: 0
stars's labels:
0 0 0 0 0 0 0 0 0 0 0 0 0 0 0 0 0 0 0 0 0 0 0 0 0 0 0 0 0 0 0 0 0 0 0 0 0 0 0 0 0 0 0 0 0 0 0 0 0 0 0 0 0 0 0 0 0 0 0 0 0 0 0 0 0 0 0 0 0 0 0 0 0 0 0 0 0 0 0 0 0 0 0 0 0 0 0 0 0 0 0 0 0 0 0 0 0 0 0 0 0 0 0 0 0 0 0 0 0 0 0 0 0 0 0 0 0 0 0 0 0 0 0 0 0 0 0 0 0 0 0 0 0 0 0 0 0 0 0 0 0 0 0 0 0 0 0 0 0 0 0 0 0 0 0 0 0 0 0 0 0 0 0 0 0 0 0 0 0 0 0 0 0 0 0 0 0 0 0 0 0 0 0 0 0 
stars's ID:
935 306 1810 507 3215 2433 3175 553 2980 951 3231 1039 3252 463 2428 2988 1723 2065 2246 2014 1931 3899 3917 3983 2727 3257 3498 356 1091 715 2720 1728 134 1608 2161 2920 434 3535 1769 571 4001 3272 2846 2841 203 2692 2020 3605 2646 2750 654 1460 3850 1962 2088 403 2010 372 3583 4162 922 4173 4175 3214 3540 3173 2090 4003 1051 367 2273 830 3601 138 3258 1151 4148 2343 2269 92 965 3100 1831 4099 3500 2790 721 2365 280 3219 1075 478 1584 3130 883 202 3685 2236 2059 896 2487 3586 2636 1094 3911 997 3599 4210 4109 4240 4274 2544 1603 3441 3188 973 64 28 376 11 2614 1947 2707 159 2374 621 737 1487 587 1477 3190 953 3186 3565 3779 4222 2938 371 2571 1676 1616 2784 289 2832 3412 2901 274 418 3852 2339 1470 1005 588 4300 2588 752 1174 2029 3560 1423 1063 2495 676 2103 272 3649 101 767 1738 1913 2003 3271 3251 3066 1756 629 792 2668 3413 3730 2992 79 2453 1359 4299 
Average Similarity: 0.0121585

Cluster: 5
center's label: 4
stars's labels:
4 4 4 4 4 4 4 4 4 4 4 4 4 4 4 4 4 4 4 4 4 4 4 4 4 4 4 4 4 4 4 4 4 4 4 4 4 4 4 4 4 4 4 4 4 4 4 4 4 4 4 4 4 4 4 4 4 4 4 4 4 4 4 4 4 4 4 4 4 4 4 4 4 4 4 4 4 4 4 4 4 4 4 4 4 4 4 4 4 4 4 4 4 4 4 4 4 4 4 4 4 4 4 4 4 4 
stars's ID:
2289 19 1267 3111 701 3490 1506 2062 3824 3409 3200 2563 3428 130 551 491 1960 4142 3459 2849 2868 962 3288 3209 3541 2709 733 3097 3118 2822 3723 2129 2419 2577 1923 4102 1246 4192 3101 3934 3114 1198 1443 1413 397 4212 417 1493 989 967 894 2986 2112 2393 86 2919 2181 4166 2313 4223 1120 89 2518 1508 643 3613 1764 626 3068 2376 1692 3639 4083 163 346 1753 3687 2517 2567 3351 3939 4311 3398 3844 2597 2956 3117 2323 3465 3011 3881 2550 1695 470 2354 518 3408 1640 4051 4115 3729 3958 4217 3462 2555 4314 
Average Similarity: 0.0103271

Cluster: 6
center's label: 3
stars's labels:
3 3 3 3 3 3 3 3 3 3 3 3 3 3 3 3 3 3 3 3 3 3 3 3 3 3 3 3 3 3 3 3 3 3 3 3 3 3 3 3 3 3 3 1 3 3 3 3 3 3 3 3 3 3 3 3 3 3 3 3 3 3 3 3 3 3 3 3 3 3 3 3 3 3 3 3 3 3 3 3 3 3 3 3 3 3 3 3 3 3 3 3 
stars's ID:
361 152 1219 2705 437 2970 2319 2136 88 819 1566 986 1606 1505 3102 303 2202 3191 1882 3575 920 923 1205 2431 3935 1950 3057 3566 2153 3553 2879 539 2398 238 3814 1263 1749 817 4072 4070 3132 2830 2702 3192 3180 1157 4005 3496 1880 3930 1047 4136 276 3217 1037 2648 2126 1590 3511 595 1512 1705 345 2350 2787 1123 849 2898 1600 580 2338 2327 3105 2407 4225 3283 1394 945 2785 3285 3149 3846 2005 4045 1579 1058 327 1509 4152 987 258 4126 
Average Similarity: 0.00965615

Cluster: 7
center's label: 3
stars's labels:
3 3 3 3 3 3 3 3 3 3 3 3 3 3 3 3 3 3 3 3 3 3 3 3 3 3 3 3 3 3 3 3 3 3 3 3 3 3 3 3 3 3 3 3 3 3 3 3 3 3 3 3 3 3 3 3 3 
stars's ID:
887 3645 2844 1215 2135 3924 3434 1036 3905 1992 1838 983 167 4139 3980 729 1966 3638 3812 23 3631 2629 915 3816 76 49 151 663 2637 543 9 3688 1344 3006 1974 3344 389 3734 1569 2671 2862 402 3643 3524 2815 2284 3401 4123 2143 665 1397 2175 2699 1495 3357 3350 2967 
Average Similarity: 0.00907659

Cluster: 8
center's label: 1
stars's labels:
1 1 1 1 1 1 1 1 1 1 1 1 1 1 1 1 1 1 1 1 1 1 1 1 1 1 1 1 1 1 1 1 1 1 1 1 1 1 1 1 1 1 1 1 1 1 1 1 1 1 1 1 1 1 1 1 1 1 1 1 1 1 1 1 1 1 1 1 1 1 1 1 1 1 1 1 1 1 1 1 
stars's ID:
2229 1773 1068 2602 3376 3627 3522 498 2349 270 219 2039 3455 3869 1865 2294 2906 916 3042 1688 1093 2038 799 2783 764 3648 1678 3098 1533 1170 2745 1212 2997 858 2982 2390 3550 660 2417 3738 230 1801 3769 3396 2883 3499 1524 1765 212 1677 3709 1274 765 96 2351 3719 1888 3720 3856 3857 1117 1145 2976 3981 4149 4165 1609 2085 4209 1107 2656 2778 3878 1720 3871 1049 3386 3126 2734 4254 
Average Similarity: 0.00943637

Cluster: 9
center's label: 4
stars's labels:
4 4 4 4 4 4 4 4 4 4 4 4 4 4 4 4 4 4 4 4 4 4 4 4 4 4 4 4 4 4 4 4 4 4 4 4 4 4 4 4 4 4 4 4 4 4 4 4 4 4 4 4 4 4 
stars's ID:
2561 2609 2698 1782 2464 1322 153 1762 3794 1550 392 399 1275 382 59 609 659 969 1053 1209 1909 1497 1853 3999 2638 991 2680 2927 3609 180 480 1666 607 2527 34 1357 702 2693 948 493 3868 2492 419 3782 2436 3995 3367 2867 3584 1870 1501 1490 3512 4256 
Average Similarity: 0.010215

Cluster: 10
center's label: 4
stars's labels:
4 4 4 4 4 4 4 4 4 4 4 4 4 4 4 4 4 4 4 4 4 4 4 4 4 4 4 4 4 4 4 4 4 4 4 4 4 4 4 4 4 4 4 4 4 4 4 4 4 4 4 4 4 4 4 4 4 4 4 4 4 4 4 4 4 4 4 4 4 4 4 4 4 4 4 4 4 4 4 4 4 4 4 4 4 4 4 4 4 4 4 4 4 4 4 4 4 4 4 4 4 
stars's ID:
2718 3313 811 2951 3672 2054 3266 2321 856 2185 2756 3950 775 2804 2046 2358 1481 2050 1297 193 2806 3380 301 3942 3989 3767 1860 572 3661 1388 226 2959 2342 1216 3249 2150 559 1012 1535 1841 2253 4198 755 3710 1101 3845 942 1874 3559 1763 1220 3563 826 1234 1945 3306 200 1038 1963 2318 2288 565 1965 3030 1064 39 348 1385 2682 813 396 2063 379 4027 944 4113 758 1116 2113 2022 2958 3142 2863 4134 2916 4014 4233 290 2875 3 454 1784 1432 1429 924 204 871 3955 1754 98 4320 
Average Similarity: 0.0103778

Cluster: 11
center's label: 2
stars's labels:
2 2 2 2 2 2 2 2 2 2 2 2 2 2 2 2 2 3 3 1 1 1 2 2 2 2 2 2 2 2 2 2 2 2 2 2 2 2 2 2 2 1 1 1 1 1 1 1 1 1 1 1 1 2 2 2 2 
stars's ID:
2083 3307 3195 3746 1655 809 20 471 3000 25 1622 981 2311 1153 971 2130 2297 2793 2107 1299 2382 3877 3170 2802 1125 1418 1225 3866 3081 1021 2663 4117 693 2866 4076 3795 3611 2439 2077 3671 3551 3922 3630 3435 1243 1271 2607 80 4056 492 2858 1672 106 256 680 2586 476 
Average Similarity: 0.00973305

Cluster: 12
center's label: 4
stars's labels:
4 4 4 4 4 4 4 4 4 4 4 4 4 4 4 4 4 4 4 4 4 4 4 4 4 4 4 4 4 4 4 4 4 4 4 4 4 4 4 4 4 4 4 4 4 4 4 4 4 4 4 4 4 4 4 4 4 4 
stars's ID:
2820 2540 2128 3855 783 831 3689 885 3008 1680 187 3381 970 433 728 4004 3040 91 863 2101 44 1405 1983 82 1134 2655 2881 57 3626 222 1434 2363 1140 3385 1999 416 3199 332 195 1859 1355 3773 3236 3929 881 1155 3162 1814 29 1768 3389 1343 3604 3046 2496 1270 3927 4073 
Average Similarity: 0.0105795

Cluster: 13
center's label: 2
stars's labels:
2 2 2 2 2 2 2 2 2 2 2 2 2 2 2 2 2 2 2 2 2 2 2 2 2 2 2 2 2 2 2 2 2 2 2 2 2 2 2 2 2 2 2 2 2 2 2 2 2 2 2 2 2 2 2 2 2 
stars's ID:
1296 164 77 3768 1750 2763 3278 2410 2539 3893 547 3997 104 4095 2329 1214 2258 201 3592 3316 3913 1985 3404 2173 1898 1197 487 616 743 2728 2438 2935 3693 1628 1804 3549 3034 2040 1471 2264 462 1918 3092 3578 2179 2678 1104 1903 296 3960 4177 1006 1222 2009 4131 4220 4224 
Average Similarity: 0.00945709

Cluster: 14
center's label: 3
stars's labels:
3 3 3 3 3 3 3 3 3 3 3 3 3 3 3 3 3 3 3 3 3 3 3 3 3 3 3 3 3 3 3 3 3 3 3 3 3 3 3 3 3 3 3 3 3 3 3 3 3 3 3 3 3 3 3 3 3 3 3 3 3 3 
stars's ID:
2235 246 3961 3527 2117 2511 2943 526 3314 1226 2814 1339 1262 3811 3458 4092 1192 1073 358 2524 225 1761 1376 124 956 51 4037 2463 513 4124 3182 3172 541 3250 2322 2791 2271 1499 1958 342 4104 2025 898 3446 2060 102 3827 475 4028 1483 1128 777 3302 4282 334 1208 3494 3580 1595 3112 710 1176 
Average Similarity: 0.00999663

Cluster: 15
center's label: 4
stars's labels:
4 4 4 4 4 4 4 4 4 4 4 4 4 4 4 4 4 4 4 4 4 4 4 4 4 4 4 4 4 4 4 4 4 4 4 4 4 4 4 4 4 4 4 4 4 4 4 4 4 4 4 4 4 1 1 4 4 4 4 4 4 4 4 4 4 4 4 4 4 4 4 4 4 4 4 4 4 4 4 4 4 4 4 4 4 4 4 4 4 4 4 4 4 4 4 4 4 4 4 4 4 4 4 4 4 4 4 4 4 4 4 4 
stars's ID:
1933 2282 189 1828 1636 1997 1904 364 3368 805 1605 515 1597 1536 448 1255 1360 1856 2683 511 1516 423 2821 103 503 3594 1354 2172 3048 2945 2344 2724 540 221 2554 3222 4022 2242 2978 3167 642 3889 3247 2224 2670 2142 1610 1938 1556 4239 244 2416 786 695 3682 3418 1895 435 2942 602 1041 2240 449 2509 3044 3397 3717 906 1976 1842 4229 4064 93 1661 1148 4021 1739 2706 2098 393 2348 2476 2715 3322 2489 1426 477 1970 3690 698 3346 3426 72 61 1504 155 955 2159 1702 3505 1427 2328 181 2777 412 1309 1264 2084 1378 2714 666 3875 
Average Similarity: 0.0101286

Cluster: 16
center's label: 3
stars's labels:
3 3 3 3 3 3 3 3 3 3 3 3 3 3 3 3 3 3 3 3 3 3 3 3 3 3 3 3 3 3 3 3 3 3 2 2 2 2 3 3 3 3 3 3 3 3 3 3 3 3 3 
stars's ID:
974 1242 825 1905 796 172 726 1732 631 3345 3016 3148 2262 2165 2122 1417 500 3772 3839 2303 1090 1577 2047 314 3786 4019 845 2998 183 2375 3300 3453 157 4042 3456 3154 1959 4202 2277 1324 173 1072 3243 3032 635 2807 2332 778 1627 1152 1847 
Average Similarity: 0.0105902

Cluster: 17
center's label: 1
stars's labels:
1 1 1 1 1 1 1 1 1 1 1 1 1 1 1 1 1 1 1 1 1 1 1 1 1 1 1 1 1 1 1 1 1 1 1 1 1 1 1 1 1 1 1 1 1 1 4 4 4 1 1 1 1 1 1 1 1 1 1 1 1 1 1 1 1 1 1 1 1 1 1 1 1 1 1 
stars's ID:
165 1469 1607 2452 469 373 3813 2880 3452 4157 3181 4038 3778 1017 2533 4179 3760 2744 2131 2667 2316 2847 4201 3964 4009 3840 2780 4081 2157 3663 1585 843 3658 1366 275 1179 3771 1020 1387 1689 2549 2510 2589 175 209 2752 646 1934 3521 2073 16 2406 3556 3319 1815 798 704 2826 1301 591 899 519 1989 2080 108 1980 512 3087 1520 2067 2424 2794 593 424 3959 
Average Similarity: 0.00936153

Cluster: 18
center's label: 4
stars's labels:
4 4 4 4 4 4 4 4 4 4 4 4 4 4 4 4 4 4 4 4 4 4 4 4 4 4 4 4 4 4 4 4 4 4 4 4 4 4 4 4 4 4 4 4 4 4 4 4 4 4 4 4 4 4 4 4 4 4 4 4 4 4 4 4 4 4 4 4 4 4 4 4 4 4 4 4 4 4 4 4 4 4 4 4 4 4 4 
stars's ID:
745 1957 2162 2878 349 998 1624 2737 2075 3603 946 2574 3854 3445 2848 1147 1632 1286 2729 1744 1401 2893 1601 3668 2803 3952 4118 3589 139 2759 1165 2420 1687 3624 861 3641 545 2467 4155 4145 4029 3369 3049 69 2773 1589 3312 3834 1543 1030 2486 453 835 3479 1574 4024 2568 1489 3657 3430 1456 2474 699 3212 2137 538 1449 1168 662 4018 1008 3259 4267 708 3197 3422 3700 2921 3517 1623 3230 514 3268 1211 1826 4100 4297 
Average Similarity: 0.00992717

Cluster: 19
center's label: 3
stars's labels:
3 3 3 3 3 3 3 3 3 3 3 3 3 3 3 3 3 3 3 3 3 3 3 3 3 3 3 3 3 3 3 3 3 3 3 3 3 3 3 3 3 3 3 3 3 3 3 3 3 3 3 3 3 3 3 3 3 3 3 3 3 3 3 3 3 3 3 3 3 3 3 3 3 3 3 3 3 3 3 3 3 3 3 3 3 3 3 3 3 3 3 3 3 3 3 3 3 3 
stars's ID:
3979 1954 2488 150 58 3615 400 3450 1327 370 2469 266 3463 3331 3382 1783 619 3361 3023 2931 3644 3674 1664 868 1709 782 333 2309 3337 1562 113 2624 3072 1548 544 8 2532 2330 857 3036 2133 255 921 1625 1348 1686 2572 3370 821 2164 1105 1673 308 2507 2087 223 1896 2347 3443 2096 3810 2758 3859 483 1789 1022 46 2346 2451 3808 3781 410 3896 1599 323 1745 1454 1337 751 2603 3713 2644 1077 2345 2768 3830 3956 1126 3089 2661 1052 1065 2828 1668 1840 2665 1861 1596 
Average Similarity: 0.00979599

Cluster: 20
center's label: 2
stars's labels:
2 2 2 2 2 2 1 2 1 1 1 1 1 1 1 1 1 1 1 1 1 1 1 1 1 1 1 2 1 1 1 1 1 1 1 1 1 1 2 1 1 1 1 1 1 1 1 1 2 2 2 2 2 2 2 2 2 2 2 2 2 2 2 2 2 2 2 2 2 2 2 2 1 
stars's ID:
1485 3333 1502 2163 2632 4181 1653 1115 1952 2855 3374 2989 315 3123 1539 443 1112 2203 2845 880 1890 3122 50 4059 3874 3159 3659 2478 686 1414 1618 2850 3870 1907 1908 7 648 694 1567 1173 2220 166 2149 2913 1034 2882 604 4215 2091 3991 32 395 388 1617 3726 3572 576 982 1899 3133 2361 549 3865 2286 1054 2712 853 1703 3625 1681 4178 901 2068 
Average Similarity: 0.00961631

Cluster: 21
center's label: 4
stars's labels:
4 4 4 4 4 4 4 4 4 4 4 4 4 4 4 4 4 4 4 4 4 4 4 4 4 4 4 4 4 4 4 4 4 4 4 4 4 4 4 4 4 4 4 4 4 4 4 4 4 4 4 4 4 4 4 4 4 4 4 4 4 4 4 4 4 4 4 4 4 4 4 4 4 4 4 4 4 4 4 4 4 4 4 4 4 4 4 4 4 4 4 4 4 4 4 4 4 
stars's ID:
787 1319 30 2738 1671 690 3491 234 2373 3621 1850 914 762 3705 4091 2245 2360 330 3552 1528 110 2250 3029 1492 3836 4025 546 1922 2506 872 2066 1475 1734 2430 714 1848 3822 3131 2070 1102 363 1043 2817 117 4206 637 2036 3515 1864 3416 2471 1902 286 3281 300 1525 3993 2106 563 4041 1515 771 2885 1819 2017 2256 1892 1911 2799 3828 431 3265 862 213 3739 750 2827 2174 1336 178 2930 4096 111 1717 2320 3176 577 3010 1203 3849 3694 3291 347 182 1100 3539 4323 
Average Similarity: 0.00933143

Cluster: 22
center's label: 3
stars's labels:
3 3 3 3 3 3 3 3 3 3 3 3 3 3 3 3 3 3 3 3 3 3 3 3 3 3 3 3 3 3 3 3 3 3 3 3 3 3 3 3 3 3 3 3 3 3 3 3 3 3 3 3 3 3 3 3 3 3 3 3 3 3 3 3 3 3 3 3 3 3 3 3 3 3 3 3 3 3 3 3 3 3 3 3 3 3 3 3 3 3 3 3 3 3 3 3 3 3 3 3 3 3 3 3 3 3 3 3 3 3 3 3 3 3 3 3 3 3 3 3 3 3 3 3 3 3 3 3 3 3 3 3 3 3 3 3 3 3 3 3 3 3 3 3 3 3 3 3 3 3 3 3 3 3 3 3 3 3 3 3 3 3 3 3 3 3 3 3 3 3 
stars's ID:
1076 1437 4122 2622 1878 1238 2197 4013 3864 1820 3411 2115 360 1496 1852 3662 292 542 739 3513 2243 2281 3178 926 1927 232 2725 1070 131 2530 2924 2608 1289 4 3908 2842 1109 596 3206 1119 2227 1629 2546 354 1518 326 582 929 575 2952 383 3818 1699 1701 1129 3263 1200 2964 3800 3335 640 3677 2296 4085 567 3018 236 3296 3094 2225 999 74 4043 2792 3775 1948 890 3848 1130 245 3548 2657 2418 517 2854 761 1316 3343 3451 458 1383 672 4205 1227 2686 3792 2746 1315 3179 3753 2987 1055 4114 573 3480 833 252 4011 2889 2914 1083 3637 3454 3201 1620 3750 71 3529 4154 1124 4301 156 3027 1318 1779 1422 3953 375 917 3488 2870 3324 279 1171 959 1698 584 2494 1099 2247 1517 624 1392 2483 1642 269 1163 126 2194 1552 1759 2335 162 1973 1368 682 2021 768 876 2305 2405 3050 3815 322 2579 2404 993 2147 4281 4257 
Average Similarity: 0.00943687

Cluster: 23
center's label: 4
stars's labels:
4 4 4 4 4 4 4 4 4 4 4 4 4 4 4 4 4 4 4 4 4 4 4 4 4 4 4 4 4 4 4 4 4 4 4 4 4 4 4 4 4 4 4 4 4 4 4 4 4 4 4 4 4 4 4 4 4 4 4 4 4 4 4 4 4 4 4 4 4 4 4 4 4 4 4 4 4 4 4 4 4 4 4 4 4 4 4 4 4 4 4 4 4 4 4 4 4 4 4 4 4 4 
stars's ID:
972 689 3421 1614 3116 2575 3926 261 516 3596 1161 1078 1095 4040 3675 963 3015 3789 535 2761 852 2293 3975 3534 55 3619 1398 1453 2528 2028 3395 530 3495 4049 1811 1016 3091 1040 3620 610 456 3546 957 3567 527 3708 1097 2310 2874 481 1031 1441 2774 3582 554 133 2110 3339 3318 838 3356 598 4093 1644 216 2833 2749 510 1718 1883 2611 2915 1177 1074 3444 3284 3876 1233 4048 4151 4153 299 807 3514 2936 746 67 224 3241 1121 1823 3885 2280 2475 3787 2008 938 2557 128 2654 3882 4243 
Average Similarity: 0.0100492

Cluster: 24
center's label: 3
stars's labels:
3 3 3 3 3 3 3 3 3 3 3 3 3 3 3 3 3 3 3 3 3 3 3 3 3 3 3 3 3 3 3 3 3 3 3 3 3 3 3 3 3 3 3 3 3 3 3 3 3 3 3 3 3 3 3 3 3 3 
stars's ID:
529 48 1482 2230 2422 3722 27 3440 1645 1002 3194 3949 2301 2378 1149 815 645 325 3791 4231 1873 2385 1447 669 3579 1331 1805 452 1747 0 3774 2536 3169 137 1420 3681 3062 2886 3732 2596 3106 1693 2836 3378 3906 600 2104 52 335 2843 1305 707 1320 2127 2232 2312 1323 2042 
Average Similarity: 0.0102448

Cluster: 25
center's label: 3
stars's labels:
3 3 3 3 3 3 3 3 3 3 3 3 3 3 3 3 3 3 3 3 3 3 3 3 3 3 3 3 3 3 3 3 3 3 3 3 3 3 3 3 3 3 3 3 3 3 3 3 3 3 3 3 3 3 3 3 3 3 3 3 3 3 3 3 3 3 3 3 3 3 3 3 3 3 3 3 3 3 3 3 3 3 3 3 3 3 3 3 
stars's ID:
3581 1660 605 1476 3951 3482 2762 1513 2099 2001 839 3293 3928 1279 3543 2900 311 1202 3464 3686 4054 4105 2500 2152 421 2248 2925 2747 68 1697 1572 2505 1303 2222 3021 1891 3802 2789 425 633 2512 3948 3636 2004 2241 2308 205 2255 1932 2788 4247 2562 788 3749 2018 4199 1977 632 2482 3936 3156 343 533 391 3887 4275 439 3255 2717 3099 3076 1050 3737 3901 3847 3569 148 2604 908 3164 1743 1917 2300 36 3221 1086 3564 4322 
Average Similarity: 0.00990038

Cluster: 26
center's label: 4
stars's labels:
4 4 4 4 4 4 4 4 4 4 4 4 4 4 4 4 4 4 4 4 4 4 4 4 4 4 4 4 4 4 4 4 4 4 4 4 4 4 4 4 4 4 4 4 4 4 4 4 4 4 4 4 4 1 1 1 1 1 1 1 1 1 4 4 4 
stars's ID:
1500 2809 1196 2092 2493 1748 2177 355 2160 2285 2666 717 1245 3359 3745 3591 2193 3820 1929 834 1032 992 1937 1342 3095 3332 4075 3427 3127 505 1521 1333 4197 4066 2435 2400 1714 185 3731 2454 228 1306 3487 1844 468 1568 1772 2353 3803 3884 1393 2840 3837 1189 1588 2569 3375 2911 2275 1260 105 3724 2121 3240 4265 
Average Similarity: 0.0100175

Cluster: 27
center's label: 3
stars's labels:
3 3 3 3 3 3 3 3 3 3 3 3 3 3 3 3 3 3 3 3 3 3 3 3 3 3 3 3 3 3 3 3 3 3 3 3 3 3 3 3 3 3 3 3 3 3 3 3 3 3 3 3 3 3 3 3 3 3 3 3 3 3 3 3 3 3 3 3 3 3 3 3 3 3 3 3 3 3 
stars's ID:
3888 1133 891 2426 2735 4116 497 3533 2837 251 2210 1257 3986 3308 2362 2584 248 952 1367 2007 649 1350 3438 2615 3244 2189 1915 3043 3295 3632 63 4063 622 1302 2704 3301 2195 3071 1537 2605 2660 1237 1731 3484 120 1240 984 759 560 3405 1594 145 1338 1926 33 2757 1457 3904 304 3466 1631 4140 1591 4191 3676 344 1544 3531 2968 589 3004 3232 912 3280 1690 386 3353 4290 
Average Similarity: 0.0101169

Cluster: 28
center's label: 3
stars's labels:
3 3 3 3 3 3 3 3 3 3 3 3 3 3 3 3 3 3 3 3 3 3 3 3 3 3 3 3 3 3 3 3 3 3 3 3 3 3 3 3 3 3 3 3 3 3 3 3 3 3 3 
stars's ID:
2171 3460 2971 806 1013 37 537 441 313 190 2973 2953 1561 3260 3005 2325 2651 1961 352 1284 1570 2910 235 2051 1575 2909 2892 1713 2853 3299 734 1943 818 4183 1662 4241 940 2191 1522 1410 3203 291 1685 1498 2531 1751 1365 2434 2198 3090 628 
Average Similarity: 0.0106531

Cluster: 29
center's label: 3
stars's labels:
3 3 3 3 3 3 3 3 3 3 3 3 3 3 3 3 3 3 3 3 3 3 3 3 3 3 3 3 3 3 3 3 3 3 3 3 3 3 3 3 3 3 3 3 3 3 3 3 3 3 3 3 3 3 3 3 3 3 3 3 3 3 3 3 3 3 3 3 3 3 3 3 3 3 3 3 3 3 3 3 3 3 3 3 3 3 3 
stars's ID:
2340 1276 639 2389 3419 531 3078 667 1285 2214 795 1150 387 2111 2573 3238 282 2097 812 3679 2380 1843 1771 3165 4080 2514 2026 1813 722 2643 1356 793 1851 1249 893 1389 1592 3035 557 3152 3933 3851 1494 1033 2223 985 319 3079 931 2395 2024 3701 1352 1798 1808 3330 1314 3184 3366 590 3501 1406 369 569 1136 3431 3328 668 854 1048 2679 3141 1430 3748 1554 2770 1282 3963 2094 1866 1001 3134 2484 2593 2446 1563 4296 
Average Similarity: 0.0102358

Cluster: 30
center's label: 1
stars's labels:
2 2 2 2 2 2 2 2 1 1 1 1 1 1 1 2 2 2 2 2 2 1 1 2 2 2 2 2 2 2 2 1 1 2 1 1 1 1 1 1 1 1 1 1 1 1 1 1 1 1 1 1 1 1 1 
stars's ID:
837 2499 2118 1478 1175 2895 911 735 2215 1188 3229 2415 2304 60 4078 599 3469 2771 1353 94 1827 670 3354 43 2918 1925 1372 3516 3633 1382 3237 756 4035 3031 2178 790 3371 1795 447 2183 2458 2061 1362 1329 2684 2630 3703 250 336 2366 2751 1587 2011 427 3967 
Average Similarity: 0.00992418

Cluster: 31
center's label: 4
stars's labels:
4 4 4 4 4 4 4 4 4 4 4 4 4 4 4 4 4 4 4 4 4 4 4 4 4 4 4 4 4 4 4 4 4 4 4 4 4 4 4 4 4 4 4 4 4 4 4 4 4 4 4 4 4 
stars's ID:
3528 3525 808 2072 2396 196 2578 3593 3033 2102 3325 2681 794 1663 586 1816 2386 2905 2697 1939 1113 2559 362 2685 2399 2723 700 3576 4020 3437 2144 3449 3853 2497 440 339 2074 1774 3286 1760 725 2502 3754 996 2631 2053 2013 1290 882 647 2298 3892 4242 
Average Similarity: 0.00989137

Cluster: 32
center's label: 2
stars's labels:
2 2 2 2 2 2 2 2 2 2 2 2 2 2 2 2 2 2 2 2 2 2 2 2 2 2 2 2 2 2 2 2 2 2 2 2 2 2 2 2 2 2 2 2 2 2 2 2 2 2 2 2 
stars's ID:
2640 1416 3763 4077 1998 2740 3510 2861 2711 2000 3436 2695 2314 606 3697 1035 2207 1511 2233 3702 4067 3833 1288 2852 4125 432 1057 1014 3916 257 3311 892 730 1715 4156 3965 420 1132 1858 641 3902 1221 1446 35 3692 1722 2490 2176 3764 3915 2796 377 
Average Similarity: 0.0108659

Cluster: 33
center's label: 3
stars's labels:
3 3 3 3 3 3 3 3 3 3 3 3 3 3 3 3 3 3 3 3 3 3 3 3 3 3 3 3 3 3 3 3 3 3 3 3 3 3 3 3 3 3 3 3 3 3 3 3 3 3 3 3 3 3 3 3 3 3 3 3 3 3 3 3 3 3 3 3 3 3 3 3 3 3 3 3 3 3 3 3 3 3 3 3 3 3 3 
stars's ID:
1241 2969 1239 4087 2392 2056 2443 2948 281 1825 1230 3338 1792 3715 3532 2520 1914 186 1461 934 482 2044 3220 2033 2200 247 904 2560 3653 502 97 2825 3277 3873 552 822 3974 1442 3770 2639 1836 127 1900 293 385 3171 1207 3777 3825 4221 3226 724 3742 2641 3863 1547 1581 1111 583 2116 3347 1869 574 1479 2965 1793 3264 2565 941 2674 844 1991 1916 1877 1292 3012 3858 188 3055 1085 2035 121 800 2753 2145 1821 100 
Average Similarity: 0.0101194

Cluster: 34
center's label: 3
stars's labels:
3 3 3 3 3 3 3 3 3 3 3 3 3 3 3 3 3 3 3 3 3 3 3 3 3 3 3 3 3 3 3 3 3 3 3 3 3 3 3 3 3 3 3 3 3 3 3 3 3 3 3 3 3 3 3 3 3 3 3 3 3 3 3 3 3 3 3 3 3 3 3 3 3 3 3 3 3 3 3 3 3 3 3 3 3 3 3 3 
stars's ID:
3990 928 878 312 3477 13 2154 2427 1060 1317 1096 2587 3022 2669 3994 4138 2798 1742 556 3224 3523 594 4193 249 932 2357 1404 3909 1529 3799 3047 814 3872 1330 1987 1949 474 1172 3629 2541 749 2726 1540 592 2754 3429 287 4249 3085 820 490 267 3151 1300 3177 3242 2267 2445 2425 1871 2442 384 1341 3797 1863 1011 1884 1634 407 1953 3526 3698 3013 331 3992 2109 1248 2504 824 2984 4044 2276 879 2917 4147 2839 2543 3461 
Average Similarity: 0.00914894

Cluster: 35
center's label: 0
stars's labels:
0 0 0 0 0 0 0 0 0 0 0 0 0 0 0 0 0 0 0 0 0 0 0 0 0 0 0 0 0 0 0 0 0 0 0 0 0 0 0 0 0 0 0 0 0 0 0 0 0 0 0 0 0 0 0 0 0 0 0 
stars's ID:
3733 1194 697 445 112 1802 3542 855 143 712 239 2125 3310 2599 1879 3447 2877 2027 3842 2652 2999 3558 1106 705 3399 2923 2095 3573 566 1071 3067 465 850 99 4129 3898 442 3823 3038 650 1451 1122 3642 1523 2237 1834 1582 1530 2381 692 2364 1210 636 3086 630 3654 3402 3064 1167 
Average Similarity: 0.0114327

Cluster: 36
center's label: 3
stars's labels:
3 3 3 3 3 3 3 3 3 3 3 3 3 3 3 3 3 3 3 3 3 3 3 3 3 3 3 3 3 3 3 3 3 3 3 3 3 3 3 3 3 3 3 3 3 3 3 3 3 3 3 3 3 3 3 3 3 3 3 3 3 3 3 3 3 3 3 3 3 3 3 3 3 3 3 3 3 3 3 3 3 3 3 3 3 3 3 3 3 3 3 3 3 3 3 3 3 3 3 3 3 3 3 3 3 3 3 3 3 3 3 3 3 3 3 3 3 3 3 3 3 3 3 3 3 3 3 3 3 3 3 3 3 3 3 3 3 3 3 3 3 3 3 3 3 3 3 3 
stars's ID:
1419 3969 2653 3747 3486 2642 1553 1560 611 2811 2387 1142 1797 3442 864 2093 3470 2831 1079 1885 2078 954 1593 2186 3145 532 979 1277 2672 943 888 3755 1654 2209 2733 466 3562 1712 429 123 1158 902 1370 31 1185 233 1955 3139 1491 78 1445 1204 3788 2372 1726 3796 1694 3966 3457 2940 1351 2929 260 1363 1375 865 3157 2370 3914 2691 2151 484 2216 3153 4065 4170 65 2979 1439 884 847 278 613 1266 1473 1669 237 1786 1135 1042 841 1806 2926 317 597 3608 2337 1780 3646 3262 4248 3211 3667 457 2710 3147 3508 268 1696 1510 907 1799 446 3002 1066 961 1110 738 1003 1143 2307 2456 1649 1656 3439 4071 2234 66 3392 1940 2551 536 229 3009 297 2421 1321 2480 141 1770 119 2673 1386 2708 1229 3041 2779 4158 
Average Similarity: 0.00989314

Cluster: 37
center's label: 3
stars's labels:
3 3 3 3 3 3 3 3 3 3 3 3 3 3 3 3 3 3 3 3 3 3 3 3 3 3 3 3 3 3 3 3 3 3 3 3 3 3 3 3 3 3 3 3 3 3 3 3 3 3 3 3 3 3 3 3 3 3 3 3 3 3 3 3 3 3 3 3 3 3 3 3 3 3 3 3 3 3 3 3 3 3 3 3 3 
stars's ID:
3110 1651 1956 1313 651 716 2006 3410 1029 1280 4103 3728 2477 1465 3536 4185 3140 674 3622 2368 1139 2513 4167 2955 3471 4172 1586 873 1767 846 285 3298 3886 2146 2819 3433 555 1138 243 428 2388 3985 4234 4187 2864 2818 4090 1108 681 2996 713 2448 3691 3819 1178 2620 4253 1224 3400 1114 2529 2211 1 1294 2052 3294 658 194 3185 3978 3537 3017 585 3054 4098 1647 1081 2272 1862 2429 1803 294 3276 2055 4310 
Average Similarity: 0.0108518

Cluster: 38
center's label: 0
stars's labels:
0 0 0 0 0 0 0 0 0 0 0 0 0 0 0 0 0 0 0 0 0 0 0 0 0 0 0 0 0 0 0 0 0 0 0 0 0 0 0 0 0 0 0 0 0 0 0 0 0 0 0 0 0 0 0 0 0 0 0 0 0 0 0 0 0 0 0 0 0 0 0 0 0 0 0 0 0 0 0 0 0 0 0 0 0 0 0 0 0 0 0 0 0 
stars's ID:
210 2291 129 1812 2857 561 1206 2649 562 2876 3467 3588 3577 2547 870 2786 2542 2538 2391 1019 3020 1146 900 2355 2658 3014 773 2939 2731 1298 2268 2764 2206 964 1778 2100 1268 1308 2491 1994 422 177 975 2626 2974 3254 2287 147 277 859 3806 3481 3666 3253 1708 3502 2279 3912 2765 1400 1829 3390 909 1402 1978 1252 4135 3063 1646 4200 302 3925 4086 1746 2947 4008 1084 4189 2835 1657 578 4194 3628 3077 21 1546 657 3907 2196 2045 1906 617 409 
Average Similarity: 0.0113527

Cluster: 39
center's label: 2
stars's labels:
2 2 2 2 2 2 2 2 2 2 2 2 2 2 2 2 2 2 2 2 2 2 2 2 2 2 2 2 2 2 2 2 2 2 2 2 2 2 2 2 2 2 2 2 2 2 2 2 2 2 2 2 2 2 2 2 2 2 2 1 2 1 1 2 2 1 2 2 2 2 2 2 2 2 2 2 2 2 2 
stars's ID:
2156 2659 2228 2521 3970 4089 4120 3805 4039 271 1583 1384 309 394 3196 3160 2226 508 1598 1507 1875 3317 2534 3555 1886 4227 2743 3968 3305 3590 781 2449 2423 2341 495 2645 3640 3903 1988 2688 2180 867 978 3617 2081 1557 1325 3109 1310 2582 338 390 3665 2432 305 3065 340 3756 4068 1658 4260 3120 1046 3574 116 3039 2583 2472 4280 2515 1256 753 601 1612 816 2249 3297 2949 3025 
Average Similarity: 0.0106472

Cluster: 40
center's label: 2
stars's labels:
2 2 2 2 2 2 2 2 2 2 1 1 1 1 1 1 1 1 1 1 2 2 2 2 2 2 2 2 2 2 1 1 1 1 1 1 1 1 1 1 2 2 2 2 2 1 1 1 2 2 2 2 2 2 2 2 2 2 2 2 
stars's ID:
14 171 3053 3867 2119 1972 3121 1615 2647 3602 3807 534 1785 1835 2776 320 414 3189 3320 1412 1251 3082 3417 918 1910 15 4171 1775 4016 4236 1087 3037 1971 2592 1340 3290 2336 2523 381 1027 2259 3919 3714 1183 3704 3323 2548 125 1964 4237 1941 1450 3520 2295 4232 1396 1191 1737 829 848 
Average Similarity: 0.00976679

Cluster: 41
center's label: 2
stars's labels:
2 2 2 2 2 2 2 2 2 2 2 2 2 2 2 2 2 2 2 2 2 2 2 2 2 2 2 2 2 2 2 2 2 2 2 2 2 2 2 2 2 2 2 2 2 2 2 2 2 2 
stars's ID:
378 3144 2985 3228 3420 936 3073 3483 947 1390 2508 1092 2782 2231 1425 415 3287 2383 2545 2944 3352 486 1565 3103 684 329 1377 3342 214 937 2213 1986 1817 731 2676 3476 4062 4230 4279 242 146 136 2252 3783 1395 3503 1833 634 2933 3547 
Average Similarity: 0.0118632

Cluster: 42
center's label: 3
stars's labels:
3 3 3 3 3 3 3 3 3 3 3 3 3 3 3 3 3 3 3 3 3 3 3 3 3 3 3 3 3 3 3 3 3 3 3 3 3 3 3 3 3 3 3 3 3 3 3 3 3 3 3 3 3 3 3 3 3 3 3 3 3 3 3 3 3 3 3 3 3 3 3 3 3 3 
stars's ID:
341 1549 523 3216 2032 1872 1981 618 22 1633 1428 2134 3647 1857 430 4270 1790 673 3571 149 401 1421 2460 3208 1665 757 2941 3497 1716 4026 3143 3890 652 3921 2601 208 1291 3765 2810 2503 1259 3945 2188 1975 4196 3740 2522 2713 2324 1855 836 3315 2238 1990 653 3193 2755 960 3673 4047 2411 3614 259 1364 4141 2966 3784 1670 614 1532 1010 1045 3946 3879 
Average Similarity: 0.00977336

Cluster: 43
center's label: 0
stars's labels:
0 0 0 0 0 0 0 0 0 0 0 0 0 0 0 0 0 0 0 0 0 0 0 0 0 0 0 0 0 0 0 0 0 0 0 0 0 0 0 0 0 0 0 0 0 0 0 0 0 0 0 0 0 0 0 0 0 0 0 0 0 0 0 0 0 0 0 0 0 0 0 0 0 0 0 0 0 0 0 0 0 0 0 0 0 0 0 0 0 0 0 0 
stars's ID:
766 840 3670 2290 719 3414 1679 2155 2481 2292 1278 2928 558 1824 411 742 5 2816 827 2012 748 1486 2371 2912 3600 927 1347 1182 2326 1062 2961 1531 1643 1180 3860 2086 10 2890 2023 747 2922 2907 3741 451 3973 2805 869 321 3998 4060 4112 1901 1551 1474 1228 3362 1391 1281 2379 2140 2834 265 1407 3821 579 3971 1484 903 365 1545 2049 3766 461 4195 2043 1787 2408 2257 455 3269 436 501 298 1015 479 3096 3894 2990 1538 2384 1127 4271 
Average Similarity: 0.0127567

Cluster: 44
center's label: 3
stars's labels:
3 3 3 3 3 3 3 3 3 3 3 3 3 3 3 3 3 3 3 3 3 3 3 3 3 3 3 3 3 3 3 3 3 3 3 3 3 3 3 3 3 3 3 3 3 3 3 3 3 3 3 3 3 3 3 3 3 3 3 3 3 3 3 3 3 3 3 3 3 
stars's ID:
2208 3340 1894 472 1527 677 3920 4007 1381 107 3358 625 3205 3372 3069 2606 804 231 3652 2170 1711 2767 53 3610 2244 1876 499 522 1004 1755 2079 3080 2501 2182 2148 910 832 144 3635 2664 2015 977 2865 489 1564 994 1195 351 1757 3365 3880 1854 3364 3678 1448 3918 2566 1559 2703 2851 620 4050 958 368 2394 1818 4128 4216 2254 
Average Similarity: 0.00987801

Cluster: 45
center's label: 3
stars's labels:
3 3 3 3 3 3 3 3 3 3 3 3 3 3 3 3 3 3 3 3 3 3 3 3 3 3 3 3 3 3 3 3 3 3 3 3 3 3 3 3 3 3 3 3 3 3 3 3 3 3 3 3 3 3 3 3 3 3 3 3 3 3 3 3 3 3 3 3 3 3 3 3 3 3 3 3 3 3 3 3 3 3 3 3 3 3 3 3 3 3 3 3 3 3 3 3 3 3 3 3 3 3 3 3 3 3 3 3 3 3 3 3 3 3 3 3 3 3 3 3 
stars's ID:
3721 2687 3518 2058 1613 949 26 3336 3166 3113 2302 2590 2333 3932 1184 1261 1379 3119 1968 968 1436 4000 2600 3379 240 1082 2903 3972 581 520 4264 2447 1061 18 548 3736 1519 3407 886 4213 3377 691 675 2031 3213 3051 3718 3826 718 1162 1700 3355 174 3683 995 4055 3024 723 3274 2594 40 1000 3326 494 784 509 176 3835 4133 218 2736 2201 109 608 2591 1056 4002 2485 3725 1311 4168 656 2719 913 1777 241 2894 1223 2082 875 2766 919 90 1080 3163 1626 220 889 12 3680 3474 1328 217 2069 3655 2558 1269 215 1571 2450 3058 3007 4012 2037 2369 3656 2625 254 3831 207 
Average Similarity: 0.00974326

Cluster: 46
center's label: 4
stars's labels:
4 4 4 4 4 4 4 4 4 4 4 4 4 4 4 4 4 4 4 4 4 4 4 4 1 1 4 4 4 4 4 4 4 4 4 4 4 4 4 4 4 4 4 4 4 4 4 4 4 4 4 4 4 4 4 4 4 4 4 
stars's ID:
2470 3282 1727 488 2401 1503 3468 2016 4180 2334 2212 1141 1159 2265 3415 950 4053 3597 2552 2367 45 1736 3472 4006 696 3530 877 4023 3716 3204 140 3070 4061 283 3108 3861 4186 206 2635 3248 4110 4203 2897 160 3943 2662 118 2274 2995 4188 4159 2960 4258 1374 2468 1541 3373 1635 3334 
Average Similarity: 0.0101776

Cluster: 47
center's label: 3
stars's labels:
3 3 3 3 3 3 3 3 3 3 3 3 3 3 3 3 3 3 3 3 3 3 3 3 3 3 3 3 3 3 3 3 3 3 3 3 3 3 3 3 3 3 3 3 3 3 3 3 3 3 3 3 3 3 3 3 3 3 3 3 3 3 3 3 3 3 3 3 3 3 
stars's ID:
2934 966 3473 3744 4017 1408 3987 328 1729 353 1638 1361 3115 3239 671 4164 760 1067 1452 3900 3001 568 823 1619 1652 3790 2071 2553 366 2283 3084 1604 1675 4245 3982 3988 1944 3504 1724 2002 73 1796 3261 288 264 3158 3570 1674 3544 803 1218 262 570 1345 1758 114 3598 2412 253 408 2722 3743 3183 4036 2187 1849 1730 1969 404 1028 
Average Similarity: 0.0103251

Cluster: 48
center's label: 3
stars's labels:
3 3 3 3 3 3 3 3 3 3 3 3 3 3 3 3 3 3 3 3 3 3 3 3 3 3 3 3 3 3 3 3 3 3 3 3 3 3 3 3 3 3 3 3 3 3 3 3 3 3 3 3 3 3 3 3 3 3 3 3 3 3 3 3 3 3 3 3 3 3 3 3 3 3 3 3 3 3 3 3 3 3 3 3 3 3 3 3 3 3 3 3 3 3 3 3 3 3 3 3 3 3 3 3 3 3 3 3 3 3 3 3 3 3 3 3 3 3 3 3 3 3 3 3 3 3 3 3 3 3 3 3 3 3 3 3 3 3 3 3 3 3 3 3 3 3 3 3 3 3 3 3 3 3 3 3 3 3 3 3 3 3 3 3 3 3 3 3 3 3 3 3 3 3 3 3 3 3 3 3 3 3 3 3 3 3 3 3 3 3 3 3 3 3 3 3 3 3 3 3 3 3 3 3 3 3 3 
stars's ID:
56 2124 772 2621 661 2356 664 1480 1272 438 3485 3394 2570 2581 3897 3696 4276 2377 2041 2869 2409 4106 564 525 6 4317 3545 2932 1089 3492 4137 866 3128 2634 2168 1459 2260 3493 3612 842 1326 3045 3931 3883 3061 1464 75 615 3146 4069 2479 3940 4032 2414 506 1707 3227 1190 2123 211 3669 3225 2352 3712 3829 3303 874 3616 3304 2461 1791 1704 1830 2860 1137 3804 3554 797 3944 1514 1682 154 3026 350 744 3699 2742 3107 85 1868 1733 2887 2239 2034 1710 4033 4130 528 3984 1721 1641 1254 4058 3387 2700 623 1118 3976 1472 2455 2950 1334 2689 3634 4161 3135 2166 930 3759 3489 504 2108 1169 3327 17 3660 1312 2457 2580 1919 2957 3727 4052 4074 4121 2299 2251 2141 2775 2739 3393 132 1025 1996 2076 3223 3758 4031 1411 4184 4266 2741 81 2535 192 3270 2114 3832 2019 3996 1602 2413 2823 2781 2808 3817 2462 1468 1431 1307 3448 4084 3585 3052 1088 4211 1009 2838 142 2585 4082 2403 2954 4312 2993 1935 3695 1578 1993 3292 2612 1380 2317 1794 1358 1440 2466 2120 3138 3028 3509 3403 168 115 38 1164 1580 
Average Similarity: 0.00905619

Cluster: 49
center's label: 0
stars's labels:
0 0 0 0 0 0 0 0 0 0 0 0 0 0 0 0 0 0 0 0 0 0 0 0 0 0 0 0 0 0 0 0 0 0 0 0 0 0 0 0 0 0 0 0 0 0 0 0 0 0 0 0 0 0 0 0 0 0 0 0 0 0 0 0 0 0 0 0 0 0 0 0 0 0 0 0 0 0 0 0 0 0 0 0 0 0 0 0 0 0 0 0 0 0 0 0 0 
stars's ID:
3595 2801 895 3841 2623 1967 1897 3568 3003 3651 1735 1942 3275 1822 1924 3329 3210 2633 1867 1103 2 711 3198 1800 638 3104 2716 2359 1639 2908 2963 1098 1258 1752 3776 3155 3019 324 3587 1369 2859 2139 3273 2975 295 1558 1213 263 464 2519 2048 3751 2278 1887 1250 4313 2701 357 3711 1534 3941 284 2983 1683 398 2263 3363 4190 1409 4302 2437 3761 179 1018 4146 683 678 1611 2902 3937 1706 2441 2760 1304 2331 4057 1526 2158 2526 2899 197 199 1832 860 2266 4132 4316 
Average Similarity: 0.0126181

Cluster: 50
center's label: 4
stars's labels:
4 4 4 4 4 4 4 4 4 4 4 4 4 4 4 4 4 4 4 4 4 4 4 4 4 4 4 4 4 4 4 4 4 4 4 4 4 4 4 4 4 4 3 3 4 4 4 4 4 4 4 4 4 4 4 4 3 4 3 4 4 4 4 4 4 4 4 4 4 4 4 
stars's ID:
3406 990 1293 2627 741 2613 1399 1024 1921 1069 83 727 550 1433 770 1637 2465 161 740 1719 1462 1415 310 939 3954 3279 2946 1741 810 3174 3664 3083 1837 4259 1403 406 1839 24 444 1650 1186 1007 2132 2218 3684 1995 1231 2618 2824 1788 679 3202 467 1542 2537 3947 3752 84 1349 2696 4255 70 688 4287 774 2617 603 1807 1951 1889 4094 
Average Similarity: 0.00986183

Cluster: 51
center's label: 0
stars's labels:
0 0 0 0 0 0 0 0 0 0 0 0 0 0 0 0 0 0 0 0 0 0 0 0 0 0 0 0 0 0 0 0 0 0 0 0 0 0 0 0 0 0 0 0 0 0 0 0 0 0 0 0 0 0 0 0 0 0 0 0 0 0 0 0 0 0 0 0 0 0 0 0 0 0 0 0 0 0 0 0 0 0 0 0 0 0 0 0 0 0 0 0 0 
stars's ID:
3707 3475 933 1217 3780 426 1659 685 1265 3388 925 4263 1131 3809 3843 2064 2030 776 2184 1193 2628 3606 3538 191 3348 3507 1809 41 3838 1846 3341 3137 1930 3793 3267 3557 1166 2721 1458 3506 318 47 1199 655 2977 3235 3125 4079 1247 2138 905 791 612 3391 1438 1984 496 2169 3424 3425 273 2797 3187 687 4015 2564 4046 3124 1667 460 2619 3607 706 3957 1455 2800 3349 1435 4097 4226 3246 2690 2812 1466 4268 184 4176 4034 4315 2856 1201 2459 524 
Average Similarity: 0.0116491

