Cluster: 1
center's label: 7
stars's labels:

stars's ID:

Average Similarity: nan

Cluster: 2
center's label: 7
stars's labels:
3 1 1 1 7 5 7 5 0 0 5 7 1 
stars's ID:
235 276 308 773 1010 1178 1306 1373 1439 1449 1489 2528 2540 
Average Similarity: 0

Cluster: 3
center's label: 4
stars's labels:

stars's ID:

Average Similarity: 0

Cluster: 4
center's label: 0
stars's labels:
5 0 0 1 0 0 5 0 
stars's ID:
313 540 547 1048 1743 1984 2253 2350 
Average Similarity: 0

Cluster: 5
center's label: 1
stars's labels:
1 3 7 7 5 3 2 0 2 3 1 0 1 3 3 1 1 2 3 2 1 3 5 1 2 1 1 2 1 0 3 1 3 1 2 2 2 2 0 7 5 2 3 1 0 7 0 2 1 0 1 0 3 4 0 2 7 2 0 1 7 3 0 3 3 2 3 3 2 5 3 5 0 7 0 0 
stars's ID:
52 64 76 103 153 209 215 220 258 267 282 332 370 375 377 402 409 424 450 489 521 538 549 610 719 790 836 841 892 918 932 973 1055 1061 1075 1088 1125 1154 1188 1217 1236 1344 1458 1534 1597 1631 1647 1714 1730 1746 1763 1775 1803 1818 1955 1958 1960 1982 1990 1993 2003 2062 2075 2156 2238 2240 2344 2358 2361 2380 2451 2468 2478 2479 2527 2571 
Average Similarity: 0

Cluster: 6
center's label: 3
stars's labels:

stars's ID:

Average Similarity: 0

Cluster: 7
center's label: 2
stars's labels:
2 1 7 1 1 0 3 0 1 0 0 2 2 0 2 0 3 2 0 2 0 2 1 2 1 0 1 1 0 2 7 0 1 0 7 3 7 2 2 7 0 1 0 2 7 2 2 1 2 0 2 7 0 1 2 2 3 0 4 2 0 1 1 0 2 0 0 2 0 2 0 2 2 2 0 2 0 2 7 2 2 7 1 2 2 1 1 2 2 1 0 1 1 2 2 2 0 0 0 1 0 2 1 1 1 2 2 1 1 
stars's ID:
8 16 22 25 38 97 141 184 192 237 337 350 372 394 411 419 455 458 477 483 493 543 553 557 592 601 602 604 612 624 672 678 693 706 714 758 800 812 814 823 915 917 920 934 947 969 1001 1014 1031 1045 1103 1120 1124 1155 1172 1181 1205 1209 1237 1250 1256 1259 1323 1332 1334 1364 1371 1473 1476 1491 1523 1525 1540 1554 1560 1563 1600 1618 1682 1734 1735 1742 1831 1846 1868 1896 1906 1907 1926 1983 1989 1995 1999 2021 2040 2048 2233 2290 2309 2311 2349 2355 2365 2390 2450 2520 2530 2553 2593 
Average Similarity: 0

Cluster: 8
center's label: 4
stars's labels:

stars's ID:

Average Similarity: 0

Cluster: 9
center's label: 7
stars's labels:

stars's ID:

Average Similarity: 0

Cluster: 10
center's label: 3
stars's labels:

stars's ID:

Average Similarity: 0

Cluster: 11
center's label: 3
stars's labels:

stars's ID:

Average Similarity: 0

Cluster: 12
center's label: 2
stars's labels:
2 2 
stars's ID:
125 1574 
Average Similarity: 0

Cluster: 13
center's label: 0
stars's labels:
7 2 2 7 0 5 7 2 0 0 7 2 5 0 2 1 0 2 2 0 7 0 2 0 1 0 2 2 5 7 5 0 0 1 0 2 2 2 2 0 1 1 2 0 2 7 2 0 5 0 5 0 2 0 1 2 7 2 2 0 1 5 0 0 2 2 0 1 0 2 1 7 2 2 2 2 1 2 2 0 2 1 3 2 0 2 0 5 7 0 0 5 1 2 5 0 5 7 0 2 5 2 0 0 0 0 2 1 1 5 0 7 2 2 2 2 0 5 5 7 1 1 0 2 0 5 2 0 0 2 2 2 2 1 0 0 2 7 0 1 5 0 5 2 2 2 2 2 0 0 0 0 1 0 7 5 2 3 0 5 0 0 1 1 2 0 5 7 2 2 0 1 0 2 2 0 7 2 0 0 0 0 2 2 7 2 2 1 1 1 2 1 0 1 0 0 2 0 0 2 7 0 0 0 7 2 2 2 0 2 2 5 2 0 1 0 1 0 2 5 0 1 2 5 0 0 0 0 0 1 0 0 0 1 2 2 0 5 2 2 5 0 7 2 0 2 2 0 5 2 
stars's ID:
5 9 18 30 68 150 151 208 214 218 266 275 285 289 297 311 316 327 344 349 357 363 364 366 374 378 384 387 396 400 405 416 421 428 436 441 459 469 473 481 484 512 516 517 522 531 537 542 551 558 583 585 594 608 655 660 692 695 700 707 721 722 730 751 769 771 775 776 789 794 796 797 802 822 839 849 857 873 876 883 899 925 930 937 941 952 957 968 976 978 987 988 1012 1024 1026 1070 1099 1106 1128 1130 1146 1164 1168 1190 1206 1215 1219 1228 1233 1243 1251 1270 1279 1286 1325 1326 1327 1342 1358 1362 1365 1368 1387 1394 1402 1403 1404 1413 1417 1421 1425 1428 1437 1438 1451 1463 1465 1467 1471 1482 1485 1486 1488 1490 1496 1508 1515 1522 1529 1566 1570 1577 1580 1584 1592 1606 1627 1640 1650 1661 1667 1692 1712 1736 1745 1762 1767 1774 1780 1792 1796 1809 1810 1822 1835 1855 1860 1867 1872 1874 1885 1905 1918 1925 1935 1949 1950 1996 1998 2001 2033 2041 2042 2045 2049 2050 2053 2054 2080 2094 2096 2111 2112 2136 2140 2144 2145 2147 2151 2159 2171 2176 2178 2198 2220 2223 2246 2261 2263 2271 2276 2278 2279 2284 2321 2327 2346 2348 2368 2382 2394 2402 2411 2427 2429 2435 2444 2464 2473 2493 2502 2503 2515 2549 2557 2566 2570 2572 2590 2591 
Average Similarity: 0

Cluster: 14
center's label: 2
stars's labels:
2 2 2 
stars's ID:
248 733 1954 
Average Similarity: 0

Cluster: 15
center's label: 4
stars's labels:

stars's ID:

Average Similarity: 0

Cluster: 16
center's label: 3
stars's labels:
3 3 3 3 5 3 3 3 3 3 4 3 3 3 3 3 5 3 3 3 3 3 3 3 3 3 3 3 3 3 3 3 3 3 3 3 3 3 3 3 3 3 3 3 3 3 3 3 3 5 3 3 3 3 
stars's ID:
39 47 100 158 176 213 245 317 322 351 524 533 588 595 699 715 842 870 891 959 985 1047 1085 1118 1183 1294 1341 1370 1400 1455 1466 1475 1614 1625 1664 1683 1704 1821 1827 1916 1923 1971 2009 2013 2058 2085 2193 2293 2320 2341 2387 2547 2554 2588 
Average Similarity: 0

Cluster: 17
center's label: 1
stars's labels:
1 1 1 1 
stars's ID:
632 661 1849 2235 
Average Similarity: 0

Cluster: 18
center's label: 2
stars's labels:

stars's ID:

Average Similarity: 0

Cluster: 19
center's label: 0
stars's labels:

stars's ID:

Average Similarity: 0

Cluster: 20
center's label: 2
stars's labels:
0 2 0 2 2 2 2 2 2 2 2 2 2 2 2 
stars's ID:
165 523 544 737 1230 1278 1472 1601 1653 1791 1920 2092 2137 2266 2301 
Average Similarity: 0

Cluster: 21
center's label: 3
stars's labels:
3 
stars's ID:
352 
Average Similarity: 0

Cluster: 22
center's label: 1
stars's labels:
1 1 0 1 1 2 1 1 1 
stars's ID:
200 472 690 709 713 1514 2226 2256 2569 
Average Similarity: 0

Cluster: 23
center's label: 2
stars's labels:

stars's ID:

Average Similarity: 0

Cluster: 24
center's label: 7
stars's labels:
4 7 7 
stars's ID:
253 724 2432 
Average Similarity: 0

Cluster: 25
center's label: 3
stars's labels:
3 
stars's ID:
1105 
Average Similarity: 0

Cluster: 26
center's label: 5
stars's labels:
5 3 3 3 3 3 5 5 3 5 5 4 4 5 3 5 5 5 3 4 5 5 5 5 4 4 5 4 5 5 5 5 4 4 5 4 5 
stars's ID:
13 31 101 104 128 145 319 368 376 392 625 670 744 815 847 867 994 1041 1089 1150 1189 1311 1312 1464 1596 1658 1727 1756 1784 2165 2185 2280 2337 2425 2436 2446 2456 
Average Similarity: 0

Cluster: 27
center's label: 3
stars's labels:

stars's ID:

Average Similarity: 0

Cluster: 28
center's label: 5
stars's labels:
5 5 5 5 5 5 5 5 5 5 
stars's ID:
57 466 633 664 1046 1198 2000 2023 2222 2231 
Average Similarity: 0

Cluster: 29
center's label: 2
stars's labels:
2 
stars's ID:
1511 
Average Similarity: 0

Cluster: 30
center's label: 0
stars's labels:
0 2 
stars's ID:
1731 2466 
Average Similarity: 0

Cluster: 31
center's label: 3
stars's labels:
3 3 3 3 3 3 
stars's ID:
501 1095 1418 2308 2469 2584 
Average Similarity: 0

Cluster: 32
center's label: 7
stars's labels:

stars's ID:

Average Similarity: 0

Cluster: 33
center's label: 1
stars's labels:
0 0 1 1 0 0 0 0 1 
stars's ID:
196 452 923 984 1174 1274 1851 1942 2024 
Average Similarity: 0

Cluster: 34
center's label: 3
stars's labels:
1 3 3 3 3 3 3 1 7 3 1 3 3 3 1 3 3 3 1 3 3 3 3 3 3 3 1 3 3 3 
stars's ID:
84 264 314 361 399 500 635 639 668 691 887 1357 1360 1381 1501 1568 1599 1675 1757 1772 1850 1858 1929 1972 2086 2126 2161 2336 2475 2585 
Average Similarity: 0

Cluster: 35
center's label: 2
stars's labels:
2 2 2 2 2 2 2 2 2 2 
stars's ID:
65 318 772 834 904 953 1645 1652 1728 2578 
Average Similarity: 0

Cluster: 36
center's label: 1
stars's labels:
1 1 
stars's ID:
698 2102 
Average Similarity: 0

Cluster: 37
center's label: 0
stars's labels:
2 2 2 2 2 2 2 2 2 2 2 2 2 2 2 2 2 2 2 2 0 2 2 2 4 2 2 2 2 2 2 2 2 4 2 
stars's ID:
62 92 113 168 203 233 294 328 358 508 723 783 989 998 1042 1113 1339 1343 1388 1433 1498 1576 1578 1607 1680 1709 1977 2141 2249 2430 2465 2483 2497 2523 2579 
Average Similarity: 0

Cluster: 38
center's label: 5
stars's labels:
5 5 5 5 3 5 5 5 5 5 5 5 5 
stars's ID:
260 457 626 649 1109 1573 1586 1608 1748 1766 2224 2242 2518 
Average Similarity: 0

Cluster: 39
center's label: 0
stars's labels:
0 0 0 0 1 1 0 7 2 
stars's ID:
369 584 1497 1685 1769 1789 1828 1832 2541 
Average Similarity: 0

Cluster: 40
center's label: 4
stars's labels:
4 3 3 5 3 3 3 5 3 3 2 5 5 3 3 3 5 5 3 5 3 4 5 3 5 3 3 3 4 3 3 5 5 5 5 5 5 4 3 5 3 5 3 3 5 4 3 3 3 5 7 3 4 3 3 5 3 5 5 5 5 5 5 3 4 3 3 3 5 3 3 3 4 3 3 3 3 5 5 4 3 3 3 3 5 3 5 5 3 3 3 5 3 3 5 3 3 3 3 3 5 3 5 3 3 5 4 3 3 5 5 3 4 5 3 4 3 3 3 5 5 5 3 3 3 3 3 5 3 7 3 4 5 5 5 3 4 3 3 4 3 4 5 3 3 3 3 3 3 5 5 5 3 3 3 5 3 3 3 5 3 3 5 3 3 5 4 3 3 3 3 3 3 5 3 3 3 3 3 3 3 5 5 3 5 3 5 3 5 5 5 3 4 3 5 5 3 3 5 5 3 3 5 3 3 5 3 5 3 3 3 3 3 3 4 3 3 3 5 5 5 4 5 3 3 5 3 3 3 4 3 5 5 5 3 3 3 3 3 3 3 4 4 3 3 3 4 5 3 4 5 5 3 3 3 3 5 3 5 5 3 3 5 5 5 3 5 5 3 3 3 5 5 3 5 3 3 3 3 3 3 3 3 3 3 5 3 4 3 5 3 5 5 3 5 3 
stars's ID:
10 34 53 58 60 82 94 119 137 142 144 163 173 174 183 185 188 190 199 202 207 212 227 234 236 238 240 247 249 254 286 290 302 320 329 331 341 347 365 373 386 390 429 433 438 440 445 448 462 490 532 535 545 560 579 591 599 606 622 641 644 650 669 676 689 704 725 755 770 777 779 780 791 792 799 804 808 825 827 833 835 843 845 851 862 868 871 889 901 902 909 927 928 929 931 946 972 977 990 991 992 1003 1013 1019 1021 1037 1044 1058 1062 1065 1076 1079 1082 1084 1086 1087 1090 1092 1098 1115 1116 1127 1132 1145 1147 1162 1166 1170 1200 1201 1207 1208 1216 1229 1238 1240 1242 1245 1248 1254 1287 1289 1291 1297 1309 1316 1324 1328 1330 1331 1333 1335 1338 1346 1349 1350 1359 1363 1366 1369 1383 1415 1423 1440 1445 1447 1453 1457 1470 1487 1519 1521 1526 1537 1552 1561 1583 1609 1621 1629 1632 1637 1641 1649 1651 1678 1687 1694 1698 1701 1723 1724 1777 1779 1782 1790 1797 1798 1800 1802 1804 1811 1816 1817 1819 1834 1839 1840 1843 1847 1882 1886 1888 1893 1910 1911 1914 1927 1934 1941 1944 1953 1959 1961 1962 1966 1968 1981 1987 1988 1991 1994 1997 2017 2025 2028 2032 2036 2037 2046 2055 2059 2064 2082 2093 2108 2114 2116 2117 2125 2143 2152 2169 2174 2180 2182 2190 2191 2195 2197 2209 2214 2218 2229 2254 2267 2268 2269 2289 2297 2299 2302 2318 2338 2340 2366 2374 2377 2393 2404 2414 2417 2419 2438 2445 2449 2509 2511 2526 2531 2532 2533 2536 2544 2582 2587 
Average Similarity: 0

Cluster: 41
center's label: 2
stars's labels:

stars's ID:

Average Similarity: 0

Cluster: 42
center's label: 5
stars's labels:
0 5 1 5 0 4 0 2 0 2 0 0 5 0 4 7 3 0 4 1 0 1 0 0 1 0 0 7 0 2 0 2 5 0 3 3 0 3 1 5 1 5 0 3 3 0 1 0 1 5 7 3 3 5 1 0 1 1 1 3 0 1 3 5 1 0 0 1 0 0 2 3 3 7 5 0 1 0 5 2 1 1 0 5 0 3 1 0 1 2 0 0 1 0 0 5 3 2 4 3 7 0 3 1 0 7 0 2 0 1 4 3 7 5 1 3 3 2 5 3 5 1 1 2 7 5 0 0 7 0 7 1 1 0 1 1 0 5 3 0 2 0 3 3 0 5 1 5 2 7 3 0 0 1 4 0 7 1 0 5 0 3 2 3 5 5 3 1 1 7 3 0 0 3 0 3 0 5 1 5 0 0 3 2 3 4 5 2 3 0 1 0 2 2 0 5 7 1 0 1 1 1 5 1 0 1 1 2 2 5 5 0 5 0 0 1 0 1 5 1 3 5 1 1 0 2 1 0 1 5 5 3 5 0 7 3 0 3 0 1 1 0 1 3 4 5 1 1 1 0 5 1 1 2 0 3 5 1 5 3 1 0 0 5 5 0 1 7 7 3 0 1 2 1 1 0 0 0 5 3 5 0 7 0 1 7 3 3 0 3 1 0 0 0 0 0 0 5 4 5 0 3 0 4 1 3 0 2 1 0 1 7 1 0 1 3 1 5 1 2 5 1 5 1 1 3 0 0 1 2 3 0 0 3 3 1 0 1 0 4 1 1 1 0 1 3 0 0 1 7 2 1 2 0 2 1 1 3 4 0 0 3 0 4 0 1 4 0 2 0 0 0 4 5 1 0 0 1 1 0 3 1 1 0 1 2 3 1 0 0 4 0 1 1 3 0 0 1 5 1 0 1 0 0 0 2 0 3 0 0 5 1 3 3 1 2 1 5 3 0 0 0 3 0 1 1 0 4 5 0 5 3 1 3 1 3 5 1 1 3 2 4 4 0 0 2 1 5 2 0 1 3 0 1 0 0 5 1 3 5 2 5 3 5 1 4 5 1 7 3 2 4 3 1 5 2 0 0 5 5 3 3 5 3 0 1 3 1 5 0 1 0 0 2 0 1 3 7 1 1 0 1 0 0 2 0 0 7 0 0 7 3 7 0 0 0 1 3 0 1 4 0 0 5 3 5 3 4 2 4 3 0 1 3 1 1 3 3 2 4 0 3 5 1 3 0 1 5 2 3 0 1 1 7 3 0 2 5 4 1 1 2 3 1 1 3 7 0 0 3 1 4 7 0 7 1 1 0 1 3 0 0 4 4 0 0 2 3 5 5 3 2 5 5 4 7 0 2 2 2 1 0 3 0 0 0 0 2 2 5 1 2 5 1 1 5 3 2 1 0 0 1 3 7 1 3 5 3 4 2 5 4 0 0 7 5 0 1 7 3 2 7 0 1 4 0 4 5 5 0 2 1 5 0 0 3 1 1 2 0 1 5 4 5 1 0 5 0 0 0 0 3 0 3 1 7 0 3 0 0 1 1 0 1 2 0 5 3 5 4 1 5 1 4 0 0 7 3 1 3 4 3 3 0 5 0 5 5 3 0 1 1 0 1 1 0 3 0 1 0 3 7 0 1 5 3 5 1 7 0 4 0 7 5 1 1 3 1 3 4 5 3 0 0 1 0 0 0 1 5 0 1 5 3 1 2 0 3 0 1 1 1 0 7 3 0 3 5 3 3 0 0 5 3 0 0 2 0 0 3 1 0 1 1 2 0 5 2 0 1 0 1 5 5 1 4 1 0 0 3 3 1 0 2 1 0 0 0 5 1 1 0 0 1 0 3 2 1 0 1 3 7 3 1 2 2 0 4 7 0 3 0 0 5 1 1 5 0 1 0 0 1 0 0 0 0 3 0 3 0 2 1 0 5 2 0 0 1 0 0 1 5 0 1 1 3 1 7 0 7 0 5 1 1 3 3 2 1 0 1 0 3 3 2 0 1 2 0 0 1 1 0 3 0 3 1 4 0 3 2 0 5 0 0 3 5 0 0 3 1 1 2 2 0 0 0 3 0 7 1 1 3 4 0 3 0 2 1 1 7 1 0 3 0 0 0 1 3 2 5 4 5 0 0 1 7 1 0 3 7 3 1 1 4 2 5 0 4 5 1 0 0 5 0 0 1 1 1 0 1 5 2 5 0 1 5 3 4 1 5 0 4 5 3 0 0 1 0 0 0 1 7 3 1 1 1 1 4 5 1 2 4 0 0 5 4 0 0 1 5 3 1 0 4 2 5 4 5 1 2 4 3 7 0 7 0 5 0 5 3 7 3 5 3 3 1 2 0 1 5 2 5 4 1 0 1 0 1 7 0 3 5 1 3 1 1 5 3 2 0 1 0 1 0 2 3 2 2 1 0 5 1 0 2 2 0 0 1 0 3 0 3 3 1 3 1 0 1 1 1 1 0 0 3 0 0 7 1 0 5 2 2 1 2 3 3 1 1 7 0 3 0 0 0 0 1 1 1 2 5 1 1 2 5 1 0 2 4 1 3 0 5 5 1 1 0 5 0 1 1 3 0 2 5 1 0 3 0 3 7 0 0 1 2 0 7 0 3 0 3 2 0 4 0 1 5 0 3 1 1 3 5 1 5 7 1 4 5 3 4 7 0 1 5 0 1 1 2 0 1 0 1 2 0 5 4 3 0 1 0 1 0 5 0 0 0 0 5 0 1 0 0 5 0 0 0 1 1 7 1 7 0 2 3 2 0 5 2 3 0 0 0 1 5 3 2 0 2 0 0 5 3 4 1 3 0 5 0 2 5 1 0 0 1 4 5 1 0 7 4 0 5 2 5 1 3 5 0 0 0 0 5 1 0 5 0 0 1 5 5 0 1 1 1 0 3 5 0 1 1 0 0 5 0 5 1 5 0 0 4 1 5 3 3 1 0 1 5 3 3 0 0 3 1 0 0 1 0 0 7 4 1 7 1 3 1 0 5 7 0 1 7 0 1 3 4 3 0 1 0 2 0 0 0 0 0 1 0 0 0 1 1 0 1 3 5 1 0 2 1 3 0 4 1 7 1 5 3 3 0 2 0 1 0 0 5 3 2 1 1 0 7 7 3 3 1 2 2 1 0 5 1 7 2 1 4 0 3 5 0 5 1 3 3 5 1 7 0 3 0 0 7 0 1 5 0 4 5 1 1 1 5 1 3 1 0 3 3 0 5 0 0 0 1 0 0 2 1 3 5 5 1 0 0 0 5 0 0 5 0 0 1 0 1 0 0 5 5 0 0 1 7 0 0 3 0 1 0 2 2 0 1 1 0 1 4 2 1 1 5 3 5 2 7 0 5 1 0 3 7 5 5 5 5 3 3 1 5 0 7 0 5 0 0 3 3 0 1 1 0 5 5 1 2 1 5 1 3 1 3 3 5 0 0 3 0 3 5 5 2 1 3 1 1 1 
stars's ID:
0 1 2 3 4 6 7 11 12 14 15 17 19 20 21 23 24 26 27 28 29 32 33 35 36 37 40 41 42 43 44 45 46 48 49 50 51 54 55 56 61 63 66 67 69 70 71 72 73 74 75 77 78 79 80 81 83 85 86 87 88 89 90 91 93 95 96 98 99 102 105 106 107 108 109 110 111 112 114 115 116 117 118 120 121 122 123 124 126 127 129 130 131 132 133 134 135 136 138 139 140 143 146 147 148 149 152 154 155 156 157 159 160 161 162 164 166 167 169 170 171 172 175 177 178 179 180 181 182 186 187 189 191 193 194 195 197 198 201 204 205 206 210 211 216 217 219 221 223 224 225 226 228 229 230 231 232 239 241 242 243 244 250 251 252 255 256 257 259 261 262 263 265 268 269 270 271 272 273 274 277 278 279 280 281 283 284 287 288 291 292 293 295 296 298 299 300 301 303 304 305 306 307 309 310 315 321 323 324 325 326 330 333 334 335 336 338 339 340 342 343 345 346 353 354 355 359 360 362 367 371 379 380 381 382 383 385 388 389 391 393 395 397 401 403 404 406 407 408 410 412 413 414 415 417 418 420 422 423 425 426 427 430 431 432 434 435 437 439 442 443 444 446 447 449 451 453 454 456 460 463 464 465 467 468 470 471 474 475 476 478 479 480 482 485 486 487 491 492 494 495 496 497 498 502 503 504 505 506 507 509 510 511 513 514 515 518 519 520 525 526 527 528 529 530 534 536 541 546 548 550 552 554 555 556 561 562 563 565 566 568 569 570 571 572 573 574 575 576 577 578 580 581 582 586 587 589 590 593 596 597 598 600 603 605 607 609 611 613 614 615 616 617 619 620 621 623 628 629 630 631 634 636 637 638 640 642 643 645 646 647 648 651 652 653 654 656 657 658 659 662 663 665 666 667 671 673 674 675 677 679 680 681 682 683 684 685 686 687 688 694 696 697 701 702 703 705 710 711 712 716 717 718 720 726 727 728 729 731 732 734 735 736 738 739 740 741 742 743 745 746 747 748 749 750 752 753 754 756 757 759 761 762 763 764 765 766 767 768 774 778 781 782 784 785 786 787 788 793 795 798 801 803 805 807 809 810 811 813 816 817 818 819 820 821 824 826 828 829 830 831 832 837 840 844 846 848 850 852 853 854 855 856 858 859 860 861 863 864 865 866 869 872 874 875 877 878 879 880 881 882 884 885 886 888 890 893 894 895 896 897 898 900 903 905 906 907 908 910 911 912 913 914 916 919 921 922 924 926 933 935 936 938 939 940 942 943 944 945 948 949 950 951 954 955 958 961 962 963 964 965 966 967 970 971 974 975 979 980 981 982 983 986 993 995 996 997 999 1000 1002 1004 1005 1006 1007 1008 1009 1011 1015 1016 1017 1018 1020 1022 1023 1025 1027 1028 1029 1030 1032 1033 1034 1035 1036 1038 1039 1040 1043 1049 1050 1051 1052 1053 1054 1056 1057 1059 1060 1064 1066 1067 1068 1069 1071 1072 1073 1074 1077 1078 1080 1081 1083 1091 1093 1094 1096 1097 1100 1101 1102 1104 1107 1108 1110 1111 1112 1114 1117 1119 1121 1122 1123 1126 1129 1131 1133 1134 1135 1136 1137 1138 1139 1140 1141 1142 1143 1144 1148 1149 1151 1152 1153 1156 1157 1158 1159 1160 1161 1163 1165 1167 1169 1171 1173 1175 1176 1177 1179 1180 1182 1184 1185 1186 1187 1191 1192 1193 1194 1195 1196 1197 1199 1202 1203 1204 1210 1211 1212 1214 1218 1221 1222 1223 1224 1226 1227 1231 1232 1234 1235 1239 1241 1244 1246 1247 1249 1252 1253 1255 1257 1258 1260 1261 1262 1263 1264 1265 1266 1267 1268 1271 1272 1273 1275 1276 1277 1280 1281 1282 1283 1284 1285 1288 1290 1292 1293 1295 1296 1298 1299 1300 1301 1302 1303 1304 1305 1307 1308 1310 1313 1314 1315 1317 1318 1319 1320 1321 1322 1329 1336 1337 1340 1345 1347 1348 1351 1352 1353 1354 1355 1356 1361 1367 1372 1374 1375 1376 1377 1378 1379 1380 1382 1384 1385 1386 1389 1390 1391 1392 1393 1395 1396 1397 1398 1399 1401 1405 1406 1408 1409 1410 1411 1412 1414 1416 1419 1420 1422 1424 1426 1427 1429 1430 1431 1432 1434 1435 1436 1441 1442 1443 1444 1446 1448 1450 1452 1454 1456 1459 1460 1461 1462 1468 1469 1474 1477 1478 1479 1480 1481 1483 1492 1493 1494 1495 1499 1500 1502 1503 1504 1505 1506 1507 1509 1510 1512 1513 1516 1517 1518 1520 1524 1527 1528 1530 1532 1533 1535 1536 1538 1539 1541 1542 1543 1544 1545 1546 1547 1548 1549 1551 1553 1556 1557 1558 1559 1562 1564 1565 1567 1569 1571 1572 1575 1579 1581 1582 1585 1587 1588 1589 1590 1591 1593 1594 1595 1598 1602 1603 1604 1605 1610 1611 1612 1613 1615 1616 1617 1619 1620 1622 1623 1624 1626 1628 1630 1633 1634 1635 1636 1638 1639 1642 1643 1644 1648 1654 1655 1656 1657 1659 1660 1662 1663 1665 1666 1668 1669 1670 1671 1672 1673 1674 1676 1677 1679 1681 1684 1686 1688 1689 1690 1691 1693 1695 1696 1697 1699 1700 1702 1703 1705 1706 1707 1708 1710 1711 1713 1715 1716 1717 1718 1719 1720 1721 1722 1725 1726 1729 1732 1733 1737 1738 1739 1740 1741 1744 1747 1749 1750 1751 1752 1753 1754 1758 1759 1760 1761 1764 1765 1768 1770 1771 1773 1776 1778 1781 1783 1785 1786 1787 1788 1793 1794 1795 1799 1801 1805 1806 1807 1808 1812 1813 1814 1815 1820 1823 1824 1825 1826 1829 1830 1833 1836 1837 1838 1841 1842 1845 1848 1852 1853 1854 1856 1857 1859 1862 1863 1864 1865 1866 1869 1870 1871 1873 1875 1876 1877 1878 1879 1880 1881 1883 1884 1887 1889 1890 1891 1892 1894 1895 1897 1898 1900 1901 1902 1903 1904 1908 1909 1912 1913 1915 1917 1919 1921 1922 1924 1928 1930 1931 1932 1933 1936 1937 1938 1939 1940 1943 1945 1947 1948 1951 1952 1956 1957 1963 1964 1965 1967 1970 1973 1974 1975 1976 1978 1979 1980 1985 1986 1992 2002 2004 2005 2006 2007 2008 2010 2011 2012 2014 2015 2016 2018 2019 2020 2022 2026 2027 2029 2030 2031 2034 2035 2038 2039 2043 2044 2051 2052 2056 2057 2060 2061 2063 2065 2066 2067 2068 2069 2070 2071 2072 2073 2074 2076 2077 2078 2079 2081 2083 2084 2087 2088 2089 2090 2091 2095 2097 2098 2099 2100 2101 2103 2104 2105 2106 2107 2109 2110 2113 2115 2118 2119 2120 2121 2122 2123 2124 2127 2128 2129 2130 2131 2132 2133 2134 2135 2138 2139 2142 2146 2148 2149 2150 2153 2154 2155 2157 2158 2160 2162 2163 2164 2166 2168 2170 2172 2173 2175 2177 2179 2181 2183 2184 2186 2187 2188 2189 2192 2194 2196 2199 2200 2201 2202 2203 2204 2205 2206 2207 2208 2211 2212 2213 2215 2216 2217 2219 2221 2225 2227 2228 2230 2232 2234 2236 2239 2241 2243 2245 2248 2250 2251 2252 2255 2257 2258 2259 2260 2262 2264 2265 2270 2272 2273 2274 2275 2277 2281 2282 2283 2285 2286 2287 2291 2292 2294 2295 2296 2298 2300 2303 2304 2305 2306 2307 2310 2312 2313 2314 2315 2316 2317 2319 2322 2323 2324 2325 2326 2328 2329 2330 2331 2332 2333 2334 2335 2339 2342 2343 2345 2347 2351 2352 2353 2354 2356 2357 2359 2360 2362 2363 2364 2367 2369 2370 2371 2372 2373 2375 2376 2378 2379 2381 2383 2384 2385 2386 2389 2391 2392 2395 2396 2397 2398 2399 2400 2401 2405 2406 2407 2408 2409 2410 2412 2413 2415 2416 2418 2420 2421 2422 2423 2424 2426 2428 2431 2433 2434 2437 2439 2440 2441 2442 2443 2447 2448 2452 2453 2454 2455 2457 2458 2459 2460 2461 2462 2463 2467 2470 2471 2472 2474 2476 2477 2480 2481 2482 2484 2485 2486 2488 2489 2490 2491 2492 2494 2495 2498 2499 2500 2501 2504 2505 2506 2507 2510 2512 2513 2514 2516 2517 2519 2521 2522 2524 2525 2529 2534 2535 2537 2538 2539 2542 2545 2546 2548 2550 2551 2552 2555 2556 2558 2559 2560 2561 2562 2563 2564 2565 2567 2568 2573 2574 2575 2576 2580 2581 2583 2586 2589 2592 2594 2595 
Average Similarity: 0

Cluster: 43
center's label: 1
stars's labels:

stars's ID:

Average Similarity: 0

Cluster: 44
center's label: 1
stars's labels:
0 0 2 
stars's ID:
312 1407 1646 
Average Similarity: 0

Cluster: 45
center's label: 2
stars's labels:

stars's ID:

Average Similarity: 0

Cluster: 46
center's label: 1
stars's labels:
1 1 
stars's ID:
1531 2288 
Average Similarity: 0

Cluster: 47
center's label: 2
stars's labels:
0 
stars's ID:
2247 
Average Similarity: 0

