Cluster: 1
center's label: 2
stars's labels:
4 4 7 4 7 3 7 2 3 4 4 2 7 4 2 4 3 7 7 5 7 7 7 3 2 2 4 4 5 4 
stars's ID:
21 27 108 157 222 225 266 355 471 488 647 723 768 781 844 950 982 1106 1270 1318 1604 1860 1945 1987 2087 2089 2118 2132 2203 2245 
Average Similarity: 0

Cluster: 2
center's label: 0
stars's labels:
0 5 1 0 0 0 0 1 0 1 1 0 1 0 0 1 4 0 0 0 0 0 0 0 1 0 0 0 0 0 1 0 0 0 0 0 0 0 0 0 0 0 0 0 1 0 0 1 0 0 
stars's ID:
26 56 175 193 354 389 487 514 605 638 643 666 718 739 852 865 879 1005 1119 1126 1134 1143 1159 1182 1247 1258 1314 1361 1459 1495 1499 1506 1597 1616 1697 1722 1775 1857 1938 2030 2063 2065 2070 2205 2216 2237 2326 2396 2440 2505 
Average Similarity: 0

Cluster: 3
center's label: 0
stars's labels:
1 0 3 0 0 0 2 0 1 0 0 7 0 0 0 2 0 1 3 1 3 0 3 0 0 0 0 2 0 1 3 0 2 3 0 0 
stars's ID:
25 51 67 70 102 129 144 269 282 303 497 499 584 677 688 806 918 940 1055 1061 1205 1480 1517 1670 1671 1731 1755 1801 1990 1995 2238 2275 2354 2358 2478 2571 
Average Similarity: 0

Cluster: 4
center's label: 5
stars's labels:
3 4 3 4 3 3 3 4 5 3 5 3 3 3 5 5 4 7 4 3 3 5 4 5 5 3 5 4 3 4 3 3 4 5 5 5 3 3 3 3 5 
stars's ID:
34 212 377 403 418 450 474 593 619 755 795 875 932 942 1017 1022 1208 1217 1221 1330 1519 1638 1655 1687 1738 1799 1816 1818 1819 1910 1914 1968 1988 2038 2122 2269 2274 2325 2344 2404 2536 
Average Similarity: 0

Cluster: 5
center's label: 0
stars's labels:
0 0 0 1 5 7 0 0 0 0 1 1 0 0 4 1 0 1 1 1 0 7 1 0 4 0 1 3 7 4 0 1 1 0 5 0 3 4 1 0 0 0 3 4 4 7 7 0 1 1 0 1 0 0 0 0 0 0 
stars's ID:
0 48 99 131 161 224 277 291 335 385 409 422 495 582 689 702 906 913 933 963 1009 1036 1038 1053 1087 1136 1138 1197 1201 1235 1246 1319 1356 1393 1405 1516 1732 1753 1763 1786 1864 1883 1967 2012 2064 2079 2138 2142 2189 2255 2398 2423 2453 2459 2463 2481 2489 2535 
Average Similarity: 0

Cluster: 6
center's label: 2
stars's labels:
2 2 2 2 2 2 2 1 2 2 2 2 2 2 2 2 2 2 2 3 2 2 2 2 2 2 2 2 2 
stars's ID:
323 324 525 564 733 778 820 836 841 910 975 1075 1088 1154 1511 1555 1562 1574 1646 1674 1714 1795 1815 1954 1958 1982 2240 2361 2583 
Average Similarity: 0

Cluster: 7
center's label: 5
stars's labels:
3 5 5 5 5 4 5 5 4 5 2 5 1 4 5 4 4 4 5 5 5 5 5 5 5 5 5 
stars's ID:
24 46 91 134 217 253 333 526 566 686 719 1078 1139 1391 1431 1513 1660 1696 1702 1894 1922 2091 2113 2217 2407 2452 2519 
Average Similarity: 0

Cluster: 8
center's label: 1
stars's labels:
1 1 1 1 1 2 1 1 1 1 1 1 2 1 7 2 1 1 1 1 1 2 1 7 1 7 1 1 1 1 1 1 
stars's ID:
32 55 61 86 189 248 301 306 342 449 506 529 618 683 854 1002 1030 1060 1191 1450 1481 1508 1538 1548 1676 1719 1831 1877 2069 2183 2236 2431 
Average Similarity: 0

Cluster: 9
center's label: 1
stars's labels:
0 0 1 0 1 1 1 0 0 7 4 7 0 0 1 
stars's ID:
196 452 776 838 923 984 1048 1174 1274 1362 1690 1774 1851 1942 2024 
Average Similarity: 0

Cluster: 10
center's label: 0
stars's labels:
0 0 0 0 0 0 0 1 1 0 0 0 0 0 0 0 
stars's ID:
206 504 738 745 821 859 884 1104 1255 1277 1296 1434 1591 1825 2090 2385 
Average Similarity: 0

Cluster: 11
center's label: 3
stars's labels:
1 3 3 3 2 3 0 3 3 5 3 3 3 3 3 3 3 3 5 3 3 3 3 3 3 3 3 3 3 7 3 5 0 3 3 3 3 3 3 3 3 3 5 3 
stars's ID:
52 60 82 135 258 268 369 515 539 641 801 1021 1039 1096 1098 1123 1193 1210 1281 1282 1316 1359 1395 1477 1484 1492 1546 1585 1654 1673 1739 1782 1828 1837 1850 1909 2088 2219 2228 2374 2386 2414 2449 2476 
Average Similarity: 0

Cluster: 12
center's label: 2
stars's labels:
2 2 2 2 2 2 2 2 2 2 2 2 2 2 2 2 2 2 2 2 2 
stars's ID:
65 154 280 318 671 772 812 834 904 953 1016 1142 1376 1386 1478 1652 1728 1814 1898 1903 2578 
Average Similarity: 0

Cluster: 13
center's label: 2
stars's labels:
0 2 2 2 0 2 2 2 2 2 2 2 2 2 2 2 2 2 2 2 2 2 
stars's ID:
165 168 233 523 544 737 956 1042 1230 1278 1388 1472 1578 1601 1653 1791 1920 2092 2137 2266 2301 2579 
Average Similarity: 0

Cluster: 14
center's label: 3
stars's labels:
3 5 4 4 3 3 3 3 5 2 4 3 4 4 3 3 4 3 3 3 
stars's ID:
53 176 246 524 687 715 799 911 994 1125 1237 1536 1596 1777 1797 1830 1953 2314 2438 2532 
Average Similarity: 0

Cluster: 15
center's label: 0
stars's labels:
0 0 0 0 0 0 0 0 0 0 0 0 0 0 
stars's ID:
33 81 467 612 648 860 974 1483 1503 1788 1859 1884 2177 2370 
Average Similarity: 0

Cluster: 16
center's label: 1
stars's labels:
1 2 1 1 1 1 2 0 1 0 0 0 1 1 1 1 0 1 0 0 0 0 0 0 1 0 
stars's ID:
71 92 126 546 652 885 1067 1112 1272 1301 1412 1426 1539 1620 1677 1705 1747 1806 1829 1902 2015 2044 2057 2232 2292 2457 
Average Similarity: 0

Cluster: 17
center's label: 3
stars's labels:
3 3 3 3 3 3 3 3 4 3 3 3 3 3 3 5 3 3 3 4 3 3 3 3 3 3 3 3 3 3 4 3 3 3 4 3 3 
stars's ID:
49 87 210 234 365 425 429 560 603 691 704 782 792 868 878 1149 1241 1248 1262 1289 1383 1552 1621 1629 1678 1737 1826 1843 1991 2108 2125 2209 2324 2393 2511 2526 2576 
Average Similarity: 0

Cluster: 18
center's label: 0
stars's labels:
0 7 0 5 0 0 0 0 7 1 0 0 0 5 0 1 0 7 7 7 7 0 0 0 7 
stars's ID:
96 103 216 242 243 554 562 706 800 811 1011 1188 1194 1236 1329 1377 1406 1631 1742 1861 2003 2068 2106 2200 2479 
Average Similarity: 0

Cluster: 19
center's label: 0
stars's labels:
2 0 0 1 0 0 2 0 0 5 1 2 2 0 0 0 2 0 0 2 0 0 2 0 0 0 0 
stars's ID:
115 118 148 191 289 394 415 597 788 1178 1379 1427 1432 1476 1523 1544 1563 1579 1600 1805 1807 2071 2094 2155 2286 2343 2573 
Average Similarity: 0

Cluster: 20
center's label: 1
stars's labels:
2 0 7 7 1 1 1 1 1 1 1 1 1 0 7 1 7 1 1 1 7 1 7 1 1 1 7 1 1 1 1 1 1 1 
stars's ID:
43 95 160 187 257 273 362 407 530 570 657 685 703 705 823 1034 1120 1212 1313 1512 1595 1681 1721 1836 1870 1917 1957 1985 2020 2056 2119 2383 2401 2561 
Average Similarity: 0

Cluster: 21
center's label: 3
stars's labels:
3 3 3 3 3 3 4 3 3 3 3 3 3 3 3 3 3 3 3 3 3 3 
stars's ID:
64 94 146 159 270 286 765 902 919 1058 1132 1231 1357 1452 1526 1817 1833 1946 2371 2378 2409 2433 
Average Similarity: 0

Cluster: 22
center's label: 5
stars's labels:
5 5 5 5 5 5 5 5 5 5 5 5 5 5 5 5 5 5 5 5 5 5 5 5 5 5 
stars's ID:
284 326 371 432 491 761 785 924 981 993 1057 1110 1144 1177 1662 1936 2018 2162 2280 2372 2375 2437 2461 2517 2567 2581 
Average Similarity: 0

Cluster: 23
center's label: 5
stars's labels:
3 3 3 3 5 5 5 3 4 5 5 4 4 5 4 3 5 3 3 5 4 5 3 4 5 5 5 3 5 3 5 5 5 5 4 5 3 5 5 5 4 3 4 5 
stars's ID:
101 107 145 185 299 319 405 445 498 551 625 627 670 722 744 779 867 909 930 968 1052 1099 1105 1157 1189 1238 1291 1297 1312 1424 1464 1637 1648 1701 1717 1784 2097 2165 2176 2318 2425 2445 2446 2590 
Average Similarity: 0

Cluster: 24
center's label: 3
stars's labels:
3 3 3 3 3 3 3 5 3 3 3 3 3 3 4 0 0 0 3 3 0 3 0 3 3 0 0 0 3 3 3 3 3 
stars's ID:
141 170 267 375 388 398 399 431 455 460 496 556 559 758 866 945 954 1094 1145 1171 1253 1276 1374 1507 1553 1581 1635 1665 1856 1880 2169 2499 2512 
Average Similarity: 0

Cluster: 25
center's label: 0
stars's labels:
0 0 0 0 0 0 0 0 0 0 0 0 0 0 0 1 0 0 
stars's ID:
15 17 152 475 611 869 912 1073 1345 1626 1643 1706 1854 1881 1948 2007 2329 2448 
Average Similarity: 0

Cluster: 26
center's label: 5
stars's labels:
5 5 5 5 5 5 5 5 5 5 5 5 5 5 5 5 5 5 5 5 5 5 5 5 5 5 5 5 5 
stars's ID:
3 57 79 109 179 307 367 466 633 664 877 1046 1107 1198 1204 1257 1354 1373 1550 1619 1642 1686 2000 2023 2133 2201 2222 2231 2443 
Average Similarity: 0

Cluster: 27
center's label: 1
stars's labels:
1 0 0 0 5 0 0 0 1 0 2 1 7 0 0 5 0 0 5 2 0 1 2 0 0 0 0 0 0 3 0 5 0 1 0 0 0 1 0 0 7 2 1 0 5 2 0 0 2 2 
stars's ID:
16 68 214 218 313 348 349 366 374 378 384 428 531 540 547 583 608 730 815 849 987 1228 1326 1402 1413 1439 1449 1486 1529 1640 1650 1661 1692 1712 1743 1855 1984 1998 2080 2111 2140 2159 2246 2247 2253 2263 2350 2402 2473 2493 
Average Similarity: 0

Cluster: 28
center's label: 7
stars's labels:
7 7 7 0 7 7 7 7 7 7 7 7 7 7 7 7 
stars's ID:
75 140 382 395 532 724 828 951 996 1056 1220 1223 1567 1733 2319 2432 
Average Similarity: 0

Cluster: 29
center's label: 0
stars's labels:
1 0 1 1 0 0 0 1 0 0 0 0 1 0 0 0 0 0 0 1 
stars's ID:
200 271 305 472 565 621 654 713 748 818 864 1292 1565 1571 1973 2052 2121 2295 2467 2524 
Average Similarity: 0

Cluster: 30
center's label: 5
stars's labels:
7 3 4 1 5 5 7 7 5 5 7 2 3 5 5 5 3 4 2 5 2 3 7 5 3 3 2 5 5 5 2 5 5 5 5 7 7 4 5 5 5 5 7 3 5 2 5 5 5 
stars's ID:
178 281 283 304 340 412 437 470 494 658 668 684 756 757 813 874 886 896 983 1077 1101 1147 1214 1239 1338 1346 1347 1398 1524 1624 1645 1695 1729 1781 1900 1960 2006 2008 2067 2103 2187 2208 2243 2299 2323 2466 2506 2525 2537 
Average Similarity: 0

Cluster: 31
center's label: 1
stars's labels:
1 1 1 1 1 1 1 1 1 1 1 1 1 1 
stars's ID:
89 239 309 527 568 569 576 754 764 1203 1303 1636 1863 2277 
Average Similarity: 0

Cluster: 32
center's label: 3
stars's labels:
3 5 3 3 3 3 3 3 5 3 3 3 5 3 3 3 3 3 5 4 3 3 3 
stars's ID:
77 190 590 697 972 1090 1328 1366 1369 1470 1487 1605 1802 1811 1839 1981 2082 2117 2197 2244 2297 2413 2587 
Average Similarity: 0

Cluster: 33
center's label: 3
stars's labels:
3 3 3 3 3 3 3 3 3 3 3 3 3 3 3 3 3 3 3 3 3 3 3 3 3 3 3 3 3 3 3 3 3 
stars's ID:
47 137 142 174 199 207 264 317 361 535 845 990 1019 1079 1092 1360 1457 1458 1561 1599 1772 1858 1893 1923 1929 1971 2046 2086 2193 2289 2338 2387 2585 
Average Similarity: 0

Cluster: 34
center's label: 0
stars's labels:
0 0 0 0 0 0 0 0 0 0 0 0 0 0 0 0 0 0 0 0 0 0 0 0 0 0 0 0 0 0 
stars's ID:
37 132 226 298 330 410 434 451 480 541 630 637 662 965 1117 1186 1273 1285 1430 1533 1543 1691 1820 1924 2110 2157 2158 2227 2331 2389 
Average Similarity: 0

Cluster: 35
center's label: 2
stars's labels:
2 2 2 2 2 2 2 2 2 2 2 2 2 2 2 2 2 
stars's ID:
177 223 294 296 458 543 548 578 581 613 895 998 1304 1871 1933 1952 2141 
Average Similarity: 0

Cluster: 36
center's label: 2
stars's labels:
0 1 2 0 0 1 1 0 0 0 0 0 1 0 2 0 0 2 2 1 1 2 1 0 2 1 0 
stars's ID:
88 147 327 454 507 580 589 614 673 701 712 944 1023 1033 1172 1284 1322 1325 1514 1633 1672 1734 1890 2130 2144 2248 2421 
Average Similarity: 0

Cluster: 37
center's label: 1
stars's labels:
0 1 1 0 1 1 1 1 0 0 1 1 1 1 1 0 1 1 1 1 1 1 
stars's ID:
130 339 518 667 746 790 973 1025 1032 1080 1315 1385 1408 1411 1594 1975 2004 2304 2317 2342 2548 2563 
Average Similarity: 0

Cluster: 38
center's label: 1
stars's labels:
0 0 0 0 2 0 0 0 1 1 2 0 2 0 1 
stars's ID:
180 263 567 615 660 775 787 1265 1715 1754 1780 1813 1949 2241 2262 
Average Similarity: 0

Cluster: 39
center's label: 1
stars's labels:
0 0 1 1 0 0 0 0 1 1 0 7 0 1 0 1 0 1 1 1 0 1 1 0 0 
stars's ID:
4 35 116 192 220 228 332 600 628 830 831 943 1407 1468 1602 1656 1746 1986 1993 2022 2233 2490 2496 2527 2546 
Average Similarity: 0

Cluster: 40
center's label: 5
stars's labels:
0 3 5 5 5 5 5 5 3 4 4 3 5 5 5 
stars's ID:
12 69 119 173 290 390 871 927 1109 1254 1680 1882 2146 2218 2254 
Average Similarity: 0

Cluster: 41
center's label: 5
stars's labels:
7 5 5 5 5 3 5 5 5 3 3 3 5 5 5 5 5 5 5 5 5 5 
stars's ID:
149 260 457 490 528 882 1013 1076 1116 1225 1336 1380 1573 1748 1750 1766 1959 1994 2116 2224 2242 2434 
Average Similarity: 0

Cluster: 42
center's label: 7
stars's labels:
7 7 7 7 7 7 7 7 7 7 7 5 7 7 
stars's ID:
41 182 300 577 692 850 955 976 1064 1133 1456 1588 2259 2392 
Average Similarity: 0

Cluster: 43
center's label: 3
stars's labels:
3 3 3 3 3 4 3 3 3 3 3 3 3 3 3 4 3 3 3 3 3 3 3 
stars's ID:
104 247 314 322 386 545 835 870 977 1066 1129 1166 1381 1400 1568 1658 1779 1886 1911 2058 2085 2093 2126 
Average Similarity: 0

Cluster: 44
center's label: 0
stars's labels:
0 0 0 0 0 0 0 0 0 0 0 0 1 0 
stars's ID:
310 421 477 616 921 1128 1206 1215 1371 1463 1528 1853 2077 2276 
Average Similarity: 0

Cluster: 45
center's label: 2
stars's labels:
2 2 2 0 0 2 0 0 0 2 0 2 2 0 2 0 0 0 0 2 2 
stars's ID:
11 14 215 334 552 586 596 816 897 922 1069 1264 1344 1442 1518 1520 1921 2061 2075 2312 2484 
Average Similarity: 0

Cluster: 46
center's label: 1
stars's labels:
1 1 1 1 0 1 1 1 1 1 1 1 1 1 1 1 1 1 1 1 1 1 
stars's ID:
336 634 661 729 846 861 1063 1100 1260 1348 1429 1469 1582 1749 1776 1919 2128 2163 2300 2362 2408 2592 
Average Similarity: 0

Cluster: 47
center's label: 4
stars's labels:
0 0 2 2 1 1 1 1 0 1 4 2 0 1 1 4 3 2 0 0 4 3 4 0 1 2 2 2 4 3 
stars's ID:
29 42 127 167 292 315 356 370 486 511 735 786 853 890 907 926 1028 1029 1593 1622 1684 1703 1711 1765 1928 2107 2148 2282 2316 2415 
Average Similarity: 0

Cluster: 48
center's label: 1
stars's labels:
0 0 1 0 0 1 1 1 1 1 0 1 1 1 1 1 
stars's ID:
66 293 636 750 840 958 1227 1759 1812 1937 1947 1951 2202 2330 2470 2507 
Average Similarity: 0

Cluster: 49
center's label: 2
stars's labels:
2 2 2 2 2 2 2 2 2 2 2 2 2 2 2 2 
stars's ID:
62 113 203 358 505 508 822 989 1024 1339 1343 1425 1639 1709 1867 2483 
Average Similarity: 0

Cluster: 50
center's label: 5
stars's labels:
5 3 3 5 4 4 7 5 4 5 5 3 5 5 4 5 4 
stars's ID:
255 288 442 711 995 1151 1382 1532 1556 1590 1725 1773 1808 1913 2039 2072 2139 
Average Similarity: 0

Cluster: 51
center's label: 5
stars's labels:
5 5 5 5 5 5 5 5 5 5 5 5 5 5 5 5 
stars's ID:
285 392 396 650 988 1146 1243 1342 1358 1403 1485 1488 2149 2185 2436 2464 
Average Similarity: 0

Cluster: 52
center's label: 0
stars's labels:
2 0 2 2 0 2 0 2 2 0 2 2 2 2 2 0 2 1 0 2 0 2 0 0 0 2 0 0 0 2 2 2 2 2 0 0 2 2 0 0 1 1 0 0 2 2 0 2 0 0 2 0 
stars's ID:
18 97 208 297 316 344 363 364 387 416 441 473 522 537 594 678 700 857 883 899 920 952 1045 1070 1124 1219 1256 1332 1364 1394 1428 1437 1490 1496 1566 1577 1627 1822 1874 1905 2041 2045 2049 2112 2171 2178 2223 2279 2309 2349 2435 2572 
Average Similarity: 0

Cluster: 53
center's label: 7
stars's labels:
1 2 5 5 7 2 2 1 4 0 1 7 2 0 7 7 0 
stars's ID:
406 446 519 742 856 1020 1050 1071 1074 1158 1436 1460 1541 1557 1832 2347 2472 
Average Similarity: 0

Cluster: 54
center's label: 2
stars's labels:
7 7 1 2 2 2 2 0 4 1 5 2 4 2 4 4 0 0 4 1 3 0 3 0 3 2 2 2 1 5 
stars's ID:
59 76 83 105 125 136 205 312 347 391 423 424 440 489 710 1242 1298 1419 1453 1501 1558 1685 1927 1955 2032 2105 2328 2356 2487 2500 
Average Similarity: 0

Cluster: 55
center's label: 3
stars's labels:
3 3 3 3 3 5 3 3 3 3 3 3 3 4 3 3 3 3 
stars's ID:
251 433 727 810 843 1084 1162 1207 1363 1415 1420 1844 1962 2114 2153 2180 2366 2544 
Average Similarity: 0

Cluster: 56
center's label: 7
stars's labels:
7 1 7 1 1 1 0 1 7 1 1 0 7 1 0 
stars's ID:
30 311 400 512 655 721 1190 1438 1592 1736 1809 1810 2096 2220 2444 
Average Similarity: 0

Cluster: 57
center's label: 3
stars's labels:
3 3 3 3 3 3 3 3 3 3 3 3 3 3 3 3 3 3 
stars's ID:
50 78 90 139 183 401 674 798 805 893 1043 1148 1169 1266 1474 1603 2214 2351 
Average Similarity: 0

Cluster: 58
center's label: 4
stars's labels:
4 4 4 1 4 4 4 0 0 0 0 0 2 4 2 
stars's ID:
10 249 791 832 833 1044 1082 1173 1249 1351 1390 1699 1866 2059 2124 
Average Similarity: 0

Cluster: 59
center's label: 7
stars's labels:
0 1 0 7 0 7 7 7 7 0 7 7 0 7 0 0 0 7 0 7 
stars's ID:
7 276 443 510 517 714 797 1010 1068 1251 1306 1392 1471 1682 1758 2042 2100 2250 2281 2363 
Average Similarity: 0

Cluster: 60
center's label: 0
stars's labels:
0 0 0 0 0 0 0 0 0 1 0 0 0 0 0 0 0 0 0 0 0 0 0 0 0 0 0 0 0 0 
stars's ID:
20 44 231 453 479 536 623 694 752 817 966 1007 1008 1137 1310 1527 1879 1956 2019 2035 2164 2225 2239 2257 2260 2285 2291 2303 2391 2485 
Average Similarity: 0

Cluster: 61
center's label: 2
stars's labels:
7 0 1 2 2 2 2 2 2 2 2 2 2 2 2 2 2 2 2 2 2 2 
stars's ID:
22 112 259 350 411 740 814 969 1181 1250 1308 1334 1525 1540 1542 1554 1869 1970 2040 2048 2355 2388 
Average Similarity: 0

Cluster: 62
center's label: 5
stars's labels:
5 5 5 5 5 5 5 5 5 5 5 5 5 3 3 5 5 5 3 3 5 5 5 5 5 5 5 5 5 
stars's ID:
58 163 188 202 227 302 438 591 626 827 842 862 1037 1062 1095 1127 1216 1229 1240 1309 1423 1586 1641 1727 1834 1840 2195 2340 2341 
Average Similarity: 0

Cluster: 63
center's label: 5
stars's labels:
5 5 5 5 5 5 5 5 5 5 5 5 5 5 5 5 5 5 5 5 5 5 
stars's ID:
236 274 320 341 606 644 669 825 889 931 992 1115 1170 1175 1335 1350 1651 1790 1944 1997 2229 2302 
Average Similarity: 0

Cluster: 64
center's label: 0
stars's labels:
0 0 0 0 0 0 0 0 0 0 0 0 0 0 0 0 1 1 0 0 0 0 0 0 0 
stars's ID:
124 585 656 690 819 858 962 1054 1396 1435 1446 1509 1547 1575 1628 1666 1908 1996 2027 2066 2074 2204 2424 2460 2474 
Average Similarity: 0

Cluster: 65
center's label: 3
stars's labels:
3 3 3 3 3 3 3 4 3 2 3 3 3 3 3 3 3 3 5 3 3 2 3 3 3 3 3 5 
stars's ID:
54 122 164 166 262 343 503 617 631 640 681 720 774 938 1165 1180 1234 1375 1444 1493 1530 1744 1768 1875 1992 2011 2115 2403 
Average Similarity: 0

Cluster: 66
center's label: 1
stars's labels:
1 1 1 1 1 1 1 1 1 1 1 1 1 1 1 1 1 1 1 1 1 1 1 1 1 1 1 1 1 1 1 
stars's ID:
36 80 219 229 353 393 572 587 632 651 709 767 935 949 1018 1131 1163 1232 1271 1531 1789 2078 2081 2102 2226 2256 2270 2288 2353 2410 2569 
Average Similarity: 0

Cluster: 67
center's label: 3
stars's labels:
3 3 3 3 3 3 3 3 3 2 3 3 3 3 3 3 3 2 3 3 2 3 3 3 3 3 3 2 3 7 3 3 3 3 3 7 3 3 3 3 3 3 2 
stars's ID:
106 201 209 256 279 379 476 533 538 624 642 762 855 894 979 1003 1006 1213 1283 1299 1494 1510 1583 1609 1632 1649 1718 1751 1803 1878 1931 1964 1972 2043 2062 2083 2156 2211 2221 2336 2379 2451 2541 
Average Similarity: 0

Cluster: 68
center's label: 3
stars's labels:
3 3 3 3 3 3 3 3 3 3 3 3 3 3 3 3 3 3 3 
stars's ID:
39 100 351 588 595 635 708 891 959 985 1047 1455 1475 1625 1664 1704 1821 2009 2013 
Average Similarity: 0

Cluster: 69
center's label: 0
stars's labels:
1 1 1 0 1 1 0 0 1 1 0 1 0 1 0 1 0 0 
stars's ID:
85 117 359 665 903 1004 1416 1498 1611 1644 1693 1761 2167 2179 2310 2322 2332 2442 
Average Similarity: 0

Cluster: 70
center's label: 5
stars's labels:
5 5 5 5 5 5 5 5 5 5 3 3 5 5 5 5 5 5 5 5 5 5 5 5 5 5 5 5 5 5 
stars's ID:
153 171 198 329 331 549 649 753 770 900 905 964 980 986 1091 1114 1211 1224 1333 1608 1800 1941 2017 2154 2190 2210 2333 2360 2380 2518 
Average Similarity: 0

Cluster: 71
center's label: 1
stars's labels:
1 1 1 0 0 0 0 0 0 0 1 1 1 0 1 1 1 1 1 0 1 0 0 1 1 1 1 0 1 1 0 0 0 0 1 0 0 2 1 1 1 1 1 0 1 0 0 0 0 1 1 0 1 
stars's ID:
38 73 162 184 186 237 265 360 419 481 502 553 563 601 602 680 693 773 914 915 917 941 978 1014 1097 1111 1155 1218 1259 1323 1387 1417 1422 1545 1610 1794 1796 1835 1895 1896 1906 1983 1999 2129 2150 2170 2184 2234 2261 2278 2311 2411 2593 
Average Similarity: 0

Cluster: 72
center's label: 3
stars's labels:
3 3 3 3 5 3 3 5 3 3 3 5 5 3 3 3 
stars's ID:
500 501 928 991 1065 1085 1287 1331 1418 1440 1675 1698 1934 2308 2469 2584 
Average Similarity: 0

Cluster: 73
center's label: 5
stars's labels:
5 5 5 5 4 5 5 5 5 4 4 5 4 4 5 2 5 5 5 5 5 5 5 4 
stars's ID:
114 120 169 221 230 272 325 456 728 881 967 1051 1072 1167 1179 1389 1462 1615 1865 2005 2060 2127 2397 2399 
Average Similarity: 0

Cluster: 74
center's label: 1
stars's labels:
7 2 2 7 2 1 1 7 1 2 1 7 1 2 2 1 7 2 1 1 1 2 2 1 3 2 1 1 7 2 0 7 2 2 1 7 1 7 7 
stars's ID:
23 45 250 261 287 321 413 439 607 734 829 916 961 1000 1081 1083 1160 1295 1399 1569 1688 1689 1708 1741 1783 1785 1787 1845 1862 1892 1932 2014 2026 2034 2192 2345 2486 2513 2534 
Average Similarity: 0

Cluster: 75
center's label: 0
stars's labels:
5 0 1 0 1 1 0 1 5 1 0 1 0 1 1 5 1 5 1 5 0 1 1 0 0 0 1 5 1 0 0 0 1 
stars's ID:
150 436 484 542 561 925 957 1012 1027 1226 1327 1365 1451 1454 1482 1489 1580 1606 1700 1767 1885 1889 2001 2050 2054 2198 2230 2284 2313 2327 2348 2368 2427 
Average Similarity: 0

Cluster: 76
center's label: 2
stars's labels:
2 2 2 2 2 2 2 2 2 2 2 1 2 2 2 2 2 
stars's ID:
461 483 557 759 880 934 936 1015 1473 1500 1613 1679 1868 1926 2095 2492 2501 
Average Similarity: 0

Cluster: 77
center's label: 1
stars's labels:
0 1 1 1 1 1 1 1 1 0 0 0 0 1 1 1 1 1 1 0 1 1 1 0 1 0 1 0 0 1 1 1 1 1 1 1 1 1 1 1 1 1 1 1 1 1 1 1 0 1 1 
stars's ID:
110 111 123 156 172 194 308 408 414 485 513 574 646 659 663 698 784 796 939 971 1141 1152 1156 1176 1195 1222 1233 1244 1352 1368 1401 1448 1551 1564 1598 1634 1668 1842 1897 1976 2016 2029 2047 2131 2207 2307 2376 2405 2420 2540 2550 
Average Similarity: 0

Cluster: 78
center's label: 5
stars's labels:
5 5 4 5 7 5 5 5 5 5 5 5 5 5 
stars's ID:
19 74 138 368 465 766 908 1026 1040 1288 1307 1915 2199 2306 
Average Similarity: 0

Cluster: 79
center's label: 3
stars's labels:
4 3 3 4 3 3 4 4 5 3 3 4 3 4 4 1 3 4 4 4 4 4 3 4 3 4 4 3 4 4 3 
stars's ID:
6 238 244 492 534 573 609 736 803 851 898 970 1035 1049 1108 1263 1290 1320 1589 1612 1617 1707 1740 1904 1939 1974 2206 2252 2273 2369 2522 
Average Similarity: 0

Cluster: 80
center's label: 2
stars's labels:
7 2 7 7 2 2 7 2 2 7 2 2 0 2 7 2 2 2 2 2 2 2 7 2 2 2 2 0 0 2 
stars's ID:
5 8 151 357 372 469 672 839 873 947 1001 1031 1168 1465 1467 1491 1587 1618 1735 1745 1907 1925 1935 1950 2021 2053 2145 2321 2346 2591 
Average Similarity: 0

Cluster: 81
center's label: 0
stars's labels:
1 0 0 0 1 0 0 3 0 0 0 0 0 0 0 0 0 0 0 0 0 0 0 0 0 0 
stars's ID:
28 155 338 430 468 575 675 826 997 1102 1192 1252 1293 1353 1367 1378 1720 1760 1841 1912 2109 2194 2294 2412 2422 2539 
Average Similarity: 0

Cluster: 82
center's label: 2
stars's labels:
2 2 0 2 0 1 1 0 1 0 0 2 2 2 2 0 2 1 2 2 0 0 0 0 0 1 2 0 0 2 0 0 1 0 2 2 1 1 0 2 
stars's ID:
9 295 337 459 493 592 604 707 749 751 789 876 937 999 1103 1122 1164 1185 1279 1515 1560 1570 1584 1667 1762 1778 1846 1872 1963 2033 2136 2151 2172 2290 2335 2364 2365 2390 2394 2520 
Average Similarity: 0

Cluster: 83
center's label: 3
stars's labels:
3 3 3 3 3 3 3 3 3 3 3 3 3 3 3 
stars's ID:
211 383 598 653 747 863 1280 1337 1384 2104 2212 2334 2352 2562 2564 
Average Similarity: 0

Cluster: 84
center's label: 0
stars's labels:
0 0 0 0 0 0 0 0 0 0 0 0 1 0 0 0 0 0 
stars's ID:
40 143 181 381 427 464 482 872 1202 1209 1267 1414 1479 1647 1965 1979 2073 2076 
Average Similarity: 0

Cluster: 85
center's label: 2
stars's labels:
2 2 2 2 2 2 2 2 2 2 2 2 2 2 2 2 2 2 2 2 2 2 2 2 2 
stars's ID:
275 328 516 695 769 771 783 794 802 1113 1130 1286 1404 1421 1433 1522 1576 1607 1792 1918 2147 2249 2430 2465 2549 
Average Similarity: 0

Cluster: 86
center's label: 5
stars's labels:
3 5 3 5 5 1 5 0 0 5 0 5 5 5 1 0 5 5 5 
stars's ID:
31 63 128 252 380 397 404 558 645 793 1410 1657 1710 1752 1824 1989 2173 2418 2516 
Average Similarity: 0

Cluster: 87
center's label: 5
stars's labels:
5 5 5 5 5 5 5 5 5 5 5 5 5 5 5 5 5 
stars's ID:
1 373 622 679 763 1269 1311 1317 1447 1537 1723 1978 2010 2143 2152 2166 2268 
Average Similarity: 0

Cluster: 88
center's label: 1
stars's labels:
1 1 1 1 1 1 1 1 1 1 1 1 1 1 1 1 
stars's ID:
195 346 435 509 629 741 824 1300 1302 1771 1891 2051 2134 2298 2357 2495 
Average Similarity: 0

Cluster: 89
center's label: 3
stars's labels:
5 3 3 3 3 3 3 3 3 3 3 3 3 3 3 3 3 3 3 3 3 3 3 3 5 3 3 4 3 3 3 3 3 3 3 3 3 3 3 3 3 3 3 4 3 3 3 3 3 3 3 3 3 3 3 3 3 3 3 3 3 4 5 
stars's ID:
13 158 213 235 240 245 254 352 376 448 462 579 599 676 699 725 780 804 808 847 901 929 946 960 1041 1089 1118 1150 1183 1200 1245 1294 1324 1341 1349 1370 1445 1466 1614 1663 1683 1694 1724 1756 1798 1804 1827 1847 1888 1916 1961 2028 2036 2037 2055 2174 2182 2191 2267 2293 2320 2337 2456 
Average Similarity: 0

Cluster: 90
center's label: 3
stars's labels:
5 5 5 3 3 3 5 3 3 3 3 3 3 5 3 3 3 5 3 5 3 5 5 3 3 5 
stars's ID:
345 420 463 550 555 682 716 717 732 777 948 1086 1135 1153 1161 1521 1572 1713 1873 1966 1980 2002 2175 2272 2377 2514 
Average Similarity: 0

Cluster: 91
center's label: 1
stars's labels:
1 0 0 0 1 1 1 1 1 0 0 0 0 1 1 0 1 1 1 1 0 1 1 0 1 0 1 1 1 1 1 0 1 0 0 1 1 0 0 0 1 0 
stars's ID:
2 197 278 417 444 447 520 726 731 807 837 848 1140 1184 1187 1196 1268 1321 1355 1372 1461 1505 1549 1623 1630 1659 1793 1838 1876 1901 1930 2196 2213 2265 2287 2339 2367 2373 2416 2441 2455 2510 
Average Similarity: 0

Cluster: 92
center's label: 1
stars's labels:
0 1 1 1 0 0 0 7 0 1 1 1 1 0 1 1 1 0 1 1 1 1 1 0 7 7 0 1 0 0 0 1 0 0 1 1 0 0 0 1 1 7 1 0 1 1 0 1 0 0 0 0 1 0 0 1 1 7 0 0 0 0 0 1 
stars's ID:
72 84 93 98 121 133 204 232 241 402 426 478 521 571 610 620 639 696 760 809 887 888 892 1121 1199 1275 1305 1340 1397 1409 1441 1443 1497 1502 1504 1534 1535 1669 1726 1730 1757 1764 1769 1823 1848 1849 1887 2031 2084 2099 2123 2135 2161 2188 2215 2235 2251 2264 2283 2296 2315 2447 2454 2480 
Average Similarity: 0

